time_s,calibrated,heel_strike,estimated_gait_cycle_s,true_gait_cycle_s,acc_threshold
0.0,0,0,1.2,1.6,0.2
0.01,0,0,1.2,1.6,0.2
0.02,0,0,1.2,1.6,0.2
0.03,0,0,1.2,1.6,0.2
0.04,0,0,1.2,1.6,0.2
0.05,0,0,1.2,1.6,0.2
0.06,0,0,1.2,1.6,0.2
0.07,0,0,1.2,1.6,0.2
0.08,0,0,1.2,1.6,0.2
0.09,0,0,1.2,1.6,0.2
0.1,0,0,1.2,1.6,0.2
0.11,0,0,1.2,1.6,0.2
0.12,0,0,1.2,1.6,0.2
0.13,0,0,1.2,1.6,0.2
0.14,0,0,1.2,1.6,0.2
0.15,0,0,1.2,1.6,0.2
0.16,0,0,1.2,1.6,0.2
0.17,0,0,1.2,1.6,0.2
0.18,0,0,1.2,1.6,0.2
0.19,0,0,1.2,1.6,0.2
0.2,0,0,1.2,1.6,0.2
0.21,0,0,1.2,1.6,0.2
0.22,0,0,1.2,1.6,0.2
0.23,0,0,1.2,1.6,0.2
0.24,0,0,1.2,1.6,0.2
0.25,0,0,1.2,1.6,0.2
0.26,0,0,1.2,1.6,0.2
0.27,0,0,1.2,1.6,0.2
0.28,0,0,1.2,1.6,0.2
0.29,0,0,1.2,1.6,0.2
0.3,0,0,1.2,1.6,0.2
0.31,0,0,1.2,1.6,0.2
0.32,0,0,1.2,1.6,0.2
0.33,0,0,1.2,1.6,0.2
0.34,0,0,1.2,1.6,0.2
0.35000000000000003,0,0,1.2,1.6,0.2
0.36,0,0,1.2,1.6,0.2
0.37,0,0,1.2,1.6,0.2
0.38,0,0,1.2,1.6,0.2
0.39,0,0,1.2,1.6,0.2
0.4,0,0,1.2,1.6,0.2
0.41000000000000003,0,0,1.2,1.6,0.2
0.42,0,0,1.2,1.6,0.2
0.43,0,0,1.2,1.6,0.2
0.44,0,0,1.2,1.6,0.2
0.45,0,0,1.2,1.6,0.2
0.46,0,0,1.2,1.6,0.2
0.47000000000000003,0,0,1.2,1.6,0.2
0.48,0,0,1.2,1.6,0.2
0.49,0,0,1.2,1.6,0.2
0.5,0,0,1.2,1.6,0.2
0.51,0,0,1.2,1.6,0.2
0.52,0,0,1.2,1.6,0.2
0.53,0,0,1.2,1.6,0.2
0.54,0,0,1.2,1.6,0.2
0.55,0,0,1.2,1.6,0.2
0.56,0,0,1.2,1.6,0.2
0.5700000000000001,0,0,1.2,1.6,0.2
0.58,0,0,1.2,1.6,0.2
0.59,0,0,1.2,1.6,0.2
0.6,0,0,1.2,1.6,0.2
0.61,0,0,1.2,1.6,0.2
0.62,0,0,1.2,1.6,0.2
0.63,0,0,1.2,1.6,0.2
0.64,0,0,1.2,1.6,0.2
0.65,0,0,1.2,1.6,0.2
0.66,0,0,1.2,1.6,0.2
0.67,0,0,1.2,1.6,0.2
0.68,0,0,1.2,1.6,0.2
0.6900000000000001,0,0,1.2,1.6,0.2
0.7000000000000001,0,0,1.2,1.6,0.2
0.71,0,0,1.2,1.6,0.2
0.72,0,0,1.2,1.6,0.2
0.73,0,0,1.2,1.6,0.2
0.74,0,0,1.2,1.6,0.2
0.75,0,0,1.2,1.6,0.2
0.76,0,0,1.2,1.6,0.2
0.77,0,0,1.2,1.6,0.2
0.78,0,0,1.2,1.6,0.2
0.79,0,0,1.2,1.6,0.2
0.8,0,0,1.2,1.6,0.2
0.81,0,0,1.2,1.6,0.2
0.8200000000000001,0,0,1.2,1.6,0.2
0.8300000000000001,0,0,1.2,1.6,0.2
0.84,0,0,1.2,1.6,0.2
0.85,0,0,1.2,1.6,0.2
0.86,0,0,1.2,1.6,0.2
0.87,0,0,1.2,1.6,0.2
0.88,0,0,1.2,1.6,0.2
0.89,0,0,1.2,1.6,0.2
0.9,0,0,1.2,1.6,0.2
0.91,0,0,1.2,1.6,0.2
0.92,0,0,1.2,1.6,0.2
0.93,0,0,1.2,1.6,0.2
0.9400000000000001,0,0,1.2,1.6,0.2
0.9500000000000001,0,0,1.2,1.6,0.2
0.96,0,0,1.2,1.6,0.2
0.97,0,0,1.2,1.6,0.2
0.98,0,0,1.2,1.6,0.2
0.99,0,0,1.2,1.6,0.2
1.0,0,0,1.2,1.6,0.2
1.01,0,0,1.2,1.6,0.2
1.02,0,0,1.2,1.6,0.2
1.03,0,0,1.2,1.6,0.2
1.04,0,0,1.2,1.6,0.2
1.05,0,0,1.2,1.6,0.2
1.06,0,0,1.2,1.6,0.2
1.07,0,0,1.2,1.6,0.2
1.08,0,0,1.2,1.6,0.2
1.09,0,0,1.2,1.6,0.2
1.1,0,0,1.2,1.6,0.2
1.11,0,0,1.2,1.6,0.2
1.12,0,0,1.2,1.6,0.2
1.1300000000000001,0,0,1.2,1.6,0.2
1.1400000000000001,0,0,1.2,1.6,0.2
1.1500000000000001,0,0,1.2,1.6,0.2
1.16,0,0,1.2,1.6,0.2
1.17,0,0,1.2,1.6,0.2
1.18,0,0,1.2,1.6,0.2
1.19,0,0,1.2,1.6,0.2
1.2,0,0,1.2,1.6,0.2
1.21,0,0,1.2,1.6,0.2
1.22,0,0,1.2,1.6,0.2
1.23,0,0,1.2,1.6,0.2
1.24,0,0,1.2,1.6,0.2
1.25,0,0,1.2,1.6,0.2
1.26,0,0,1.2,1.6,0.2
1.27,0,0,1.2,1.6,0.2
1.28,0,0,1.2,1.6,0.2
1.29,0,0,1.2,1.6,0.2
1.3,0,0,1.2,1.6,0.2
1.31,0,0,1.2,1.6,0.2
1.32,0,0,1.2,1.6,0.2
1.33,0,0,1.2,1.6,0.2
1.34,0,0,1.2,1.6,0.2
1.35,0,0,1.2,1.6,0.2
1.36,0,0,1.2,1.6,0.2
1.37,0,0,1.2,1.6,0.2
1.3800000000000001,0,0,1.2,1.6,0.2
1.3900000000000001,0,0,1.2,1.6,0.2
1.4000000000000001,0,0,1.2,1.6,0.2
1.41,0,0,1.2,1.6,0.2
1.42,0,0,1.2,1.6,0.2
1.43,0,0,1.2,1.6,0.2
1.44,0,0,1.2,1.6,0.2
1.45,0,0,1.2,1.6,0.2
1.46,0,0,1.2,1.6,0.2
1.47,0,0,1.2,1.6,0.2
1.48,0,0,1.2,1.6,0.2
1.49,0,0,1.2,1.6,0.2
1.5,0,0,1.2,1.6,0.2
1.51,0,0,1.2,1.6,0.2
1.52,0,0,1.2,1.6,0.2
1.53,0,0,1.2,1.6,0.2
1.54,0,0,1.2,1.6,0.2
1.55,0,0,1.2,1.6,0.2
1.56,0,0,1.2,1.6,0.2
1.57,0,0,1.2,1.6,0.2
1.58,0,0,1.2,1.6,0.2
1.59,0,0,1.2,1.6,0.2
1.6,0,0,1.2,1.6,0.2
1.61,0,0,1.2,1.6,0.2
1.62,0,0,1.2,1.6,0.2
1.6300000000000001,0,0,1.2,1.6,0.2
1.6400000000000001,0,0,1.2,1.6,0.2
1.6500000000000001,0,0,1.2,1.6,0.2
1.6600000000000001,0,0,1.2,1.6,0.2
1.67,0,0,1.2,1.6,0.2
1.68,0,0,1.2,1.6,0.2
1.69,0,0,1.2,1.6,0.2
1.7,0,0,1.2,1.6,0.2
1.71,0,0,1.2,1.6,0.2
1.72,0,0,1.2,1.6,0.2
1.73,0,0,1.2,1.6,0.2
1.74,0,0,1.2,1.6,0.2
1.75,0,0,1.2,1.6,0.2
1.76,0,0,1.2,1.6,0.2
1.77,0,0,1.2,1.6,0.2
1.78,0,0,1.2,1.6,0.2
1.79,0,0,1.2,1.6,0.2
1.8,0,0,1.2,1.6,0.2
1.81,0,0,1.2,1.6,0.2
1.82,0,0,1.2,1.6,0.2
1.83,0,0,1.2,1.6,0.2
1.84,0,0,1.2,1.6,0.2
1.85,0,0,1.2,1.6,0.2
1.86,0,0,1.2,1.6,0.2
1.87,0,0,1.2,1.6,0.2
1.8800000000000001,0,0,1.2,1.6,0.2
1.8900000000000001,0,0,1.2,1.6,0.2
1.9000000000000001,0,0,1.2,1.6,0.2
1.9100000000000001,0,0,1.2,1.6,0.2
1.92,0,0,1.2,1.6,0.2
1.93,0,0,1.2,1.6,0.2
1.94,0,0,1.2,1.6,0.2
1.95,0,0,1.2,1.6,0.2
1.96,0,0,1.2,1.6,0.2
1.97,0,0,1.2,1.6,0.2
1.98,0,0,1.2,1.6,0.2
1.99,0,0,1.2,1.6,0.2
2.0,0,0,1.2,1.6,0.2
2.0100000000000002,0,0,1.2,1.6,0.2
2.02,0,0,1.2,1.6,0.2
2.0300000000000002,0,0,1.2,1.6,0.2
2.04,0,0,1.2,1.6,0.2
2.05,0,0,1.2,1.6,0.2
2.06,0,0,1.2,1.6,0.2
2.07,0,0,1.2,1.6,0.2
2.08,0,0,1.2,1.6,0.2
2.09,0,0,1.2,1.6,0.2
2.1,0,0,1.2,1.6,0.2
2.11,0,0,1.2,1.6,0.2
2.12,0,0,1.2,1.6,0.2
2.13,0,0,1.2,1.6,0.2
2.14,0,0,1.2,1.6,0.2
2.15,0,0,1.2,1.6,0.2
2.16,0,0,1.2,1.6,0.2
2.17,0,0,1.2,1.6,0.2
2.18,0,0,1.2,1.6,0.2
2.19,0,0,1.2,1.6,0.2
2.2,0,0,1.2,1.6,0.2
2.21,0,0,1.2,1.6,0.2
2.22,0,0,1.2,1.6,0.2
2.23,0,0,1.2,1.6,0.2
2.24,0,0,1.2,1.6,0.2
2.25,0,0,1.2,1.6,0.2
2.2600000000000002,0,0,1.2,1.6,0.2
2.27,0,0,1.2,1.6,0.2
2.2800000000000002,0,0,1.2,1.6,0.2
2.29,0,0,1.2,1.6,0.2
2.3000000000000003,0,0,1.2,1.6,0.2
2.31,0,0,1.2,1.6,0.2
2.32,0,0,1.2,1.6,0.2
2.33,0,0,1.2,1.6,0.2
2.34,0,0,1.2,1.6,0.2
2.35,0,0,1.2,1.6,0.2
2.36,0,0,1.2,1.6,0.2
2.37,0,0,1.2,1.6,0.2
2.38,0,0,1.2,1.6,0.2
2.39,0,0,1.2,1.6,0.2
2.4,0,0,1.2,1.6,0.2
2.41,0,0,1.2,1.6,0.2
2.42,0,0,1.2,1.6,0.2
2.43,0,0,1.2,1.6,0.2
2.44,0,0,1.2,1.6,0.2
2.45,0,0,1.2,1.6,0.2
2.46,0,0,1.2,1.6,0.2
2.47,0,0,1.2,1.6,0.2
2.48,0,0,1.2,1.6,0.2
2.49,0,0,1.2,1.6,0.2
2.5,0,0,1.2,1.6,0.2
2.5100000000000002,0,0,1.2,1.6,0.2
2.52,0,0,1.2,1.6,0.2
2.5300000000000002,0,0,1.2,1.6,0.2
2.54,0,0,1.2,1.6,0.2
2.5500000000000003,0,0,1.2,1.6,0.2
2.56,0,0,1.2,1.6,0.2
2.57,0,0,1.2,1.6,0.2
2.58,0,0,1.2,1.6,0.2
2.59,0,0,1.2,1.6,0.2
2.6,0,0,1.2,1.6,0.2
2.61,0,0,1.2,1.6,0.2
2.62,0,0,1.2,1.6,0.2
2.63,0,0,1.2,1.6,0.2
2.64,0,0,1.2,1.6,0.2
2.65,0,0,1.2,1.6,0.2
2.66,0,0,1.2,1.6,0.2
2.67,0,0,1.2,1.6,0.2
2.68,0,0,1.2,1.6,0.2
2.69,0,0,1.2,1.6,0.2
2.7,0,0,1.2,1.6,0.2
2.71,0,0,1.2,1.6,0.2
2.72,0,0,1.2,1.6,0.2
2.73,0,0,1.2,1.6,0.2
2.74,0,0,1.2,1.6,0.2
2.75,0,0,1.2,1.6,0.2
2.7600000000000002,0,0,1.2,1.6,0.2
2.77,0,0,1.2,1.6,0.2
2.7800000000000002,0,0,1.2,1.6,0.2
2.79,0,0,1.2,1.6,0.2
2.8000000000000003,0,0,1.2,1.6,0.2
2.81,0,0,1.2,1.6,0.2
2.82,0,0,1.2,1.6,0.2
2.83,0,0,1.2,1.6,0.2
2.84,0,0,1.2,1.6,0.2
2.85,0,0,1.2,1.6,0.2
2.86,0,0,1.2,1.6,0.2
2.87,0,0,1.2,1.6,0.2
2.88,0,0,1.2,1.6,0.2
2.89,0,0,1.2,1.6,0.2
2.9,0,0,1.2,1.6,0.2
2.91,0,0,1.2,1.6,0.2
2.92,0,0,1.2,1.6,0.2
2.93,0,0,1.2,1.6,0.2
2.94,0,0,1.2,1.6,0.2
2.95,0,0,1.2,1.6,0.2
2.96,0,0,1.2,1.6,0.2
2.97,0,0,1.2,1.6,0.2
2.98,0,0,1.2,1.6,0.2
2.99,0,0,1.2,1.6,0.2
3.0,0,0,1.2,1.6,0.2
3.0100000000000002,0,0,1.2,1.6,0.2
3.02,0,0,1.2,1.6,0.2
3.0300000000000002,0,0,1.2,1.6,0.2
3.04,0,0,1.2,1.6,0.2
3.0500000000000003,0,0,1.2,1.6,0.2
3.06,0,0,1.2,1.6,0.2
3.0700000000000003,0,0,1.2,1.6,0.2
3.08,0,0,1.2,1.6,0.2
3.09,0,0,1.2,1.6,0.2
3.1,0,0,1.2,1.6,0.2
3.11,0,0,1.2,1.6,0.2
3.12,0,0,1.2,1.6,0.2
3.13,0,0,1.2,1.6,0.2
3.14,0,0,1.2,1.6,0.2
3.15,0,0,1.2,1.6,0.2
3.16,0,0,1.2,1.6,0.2
3.17,0,0,1.2,1.6,0.2
3.18,0,0,1.2,1.6,0.2
3.19,0,0,1.2,1.6,0.2
3.2,0,0,1.2,1.6,0.2
3.21,0,0,1.2,1.6,0.2
3.22,0,0,1.2,1.6,0.2
3.23,0,0,1.2,1.6,0.2
3.24,0,0,1.2,1.6,0.2
3.25,0,0,1.2,1.6,0.2
3.2600000000000002,0,0,1.2,1.6,0.2
3.27,0,0,1.2,1.6,0.2
3.2800000000000002,0,0,1.2,1.6,0.2
3.29,0,0,1.2,1.6,0.2
3.3000000000000003,0,0,1.2,1.6,0.2
3.31,0,0,1.2,1.6,0.2
3.3200000000000003,0,0,1.2,1.6,0.2
3.33,0,0,1.2,1.6,0.2
3.34,0,0,1.2,1.6,0.2
3.35,0,0,1.2,1.6,0.2
3.36,0,0,1.2,1.6,0.2
3.37,0,0,1.2,1.6,0.2
3.38,0,0,1.2,1.6,0.2
3.39,0,0,1.2,1.6,0.2
3.4,0,0,1.2,1.6,0.2
3.41,0,0,1.2,1.6,0.2
3.42,0,0,1.2,1.6,0.2
3.43,0,0,1.2,1.6,0.2
3.44,0,0,1.2,1.6,0.2
3.45,0,0,1.2,1.6,0.2
3.46,0,0,1.2,1.6,0.2
3.47,0,0,1.2,1.6,0.2
3.48,0,0,1.2,1.6,0.2
3.49,0,0,1.2,1.6,0.2
3.5,0,0,1.2,1.6,0.2
3.5100000000000002,0,0,1.2,1.6,0.2
3.52,0,0,1.2,1.6,0.2
3.5300000000000002,0,0,1.2,1.6,0.2
3.54,0,0,1.2,1.6,0.2
3.5500000000000003,0,0,1.2,1.6,0.2
3.56,0,0,1.2,1.6,0.2
3.5700000000000003,0,0,1.2,1.6,0.2
3.58,0,0,1.2,1.6,0.2
3.59,0,0,1.2,1.6,0.2
3.6,0,0,1.2,1.6,0.2
3.61,0,0,1.2,1.6,0.2
3.62,0,0,1.2,1.6,0.2
3.63,0,0,1.2,1.6,0.2
3.64,0,0,1.2,1.6,0.2
3.65,0,0,1.2,1.6,0.2
3.66,0,0,1.2,1.6,0.2
3.67,0,0,1.2,1.6,0.2
3.68,0,0,1.2,1.6,0.2
3.69,0,0,1.2,1.6,0.2
3.7,0,0,1.2,1.6,0.2
3.71,0,0,1.2,1.6,0.2
3.72,0,0,1.2,1.6,0.2
3.73,0,0,1.2,1.6,0.2
3.74,0,0,1.2,1.6,0.2
3.75,0,0,1.2,1.6,0.2
3.7600000000000002,0,0,1.2,1.6,0.2
3.77,0,0,1.2,1.6,0.2
3.7800000000000002,0,0,1.2,1.6,0.2
3.79,0,0,1.2,1.6,0.2
3.8000000000000003,0,0,1.2,1.6,0.2
3.81,0,0,1.2,1.6,0.2
3.8200000000000003,0,0,1.2,1.6,0.2
3.83,0,0,1.2,1.6,0.2
3.84,0,0,1.2,1.6,0.2
3.85,0,0,1.2,1.6,0.2
3.86,0,0,1.2,1.6,0.2
3.87,0,0,1.2,1.6,0.2
3.88,0,0,1.2,1.6,0.2
3.89,0,0,1.2,1.6,0.2
3.9,0,0,1.2,1.6,0.2
3.91,0,0,1.2,1.6,0.2
3.92,0,0,1.2,1.6,0.2
3.93,0,0,1.2,1.6,0.2
3.94,0,0,1.2,1.6,0.2
3.95,0,0,1.2,1.6,0.2
3.96,0,0,1.2,1.6,0.2
3.97,0,0,1.2,1.6,0.2
3.98,0,0,1.2,1.6,0.2
3.99,0,0,1.2,1.6,0.2
4.0,0,0,1.2,1.6,0.2
4.01,0,0,1.2,1.6,0.2
4.0200000000000005,0,0,1.2,1.6,0.2
4.03,0,0,1.2,1.6,0.2
4.04,0,0,1.2,1.6,0.2
4.05,0,0,1.2,1.6,0.2
4.0600000000000005,0,0,1.2,1.6,0.2
4.07,0,0,1.2,1.6,0.2
4.08,0,0,1.2,1.6,0.2
4.09,0,0,1.2,1.6,0.2
4.1,0,0,1.2,1.6,0.2
4.11,0,0,1.2,1.6,0.2
4.12,0,0,1.2,1.6,0.2
4.13,0,0,1.2,1.6,0.2
4.14,0,0,1.2,1.6,0.2
4.15,0,0,1.2,1.6,0.2
4.16,0,0,1.2,1.6,0.2
4.17,0,0,1.2,1.6,0.2
4.18,0,0,1.2,1.6,0.2
4.19,0,0,1.2,1.6,0.2
4.2,0,0,1.2,1.6,0.2
4.21,0,0,1.2,1.6,0.2
4.22,0,0,1.2,1.6,0.2
4.23,0,0,1.2,1.6,0.2
4.24,0,0,1.2,1.6,0.2
4.25,0,0,1.2,1.6,0.2
4.26,0,0,1.2,1.6,0.2
4.2700000000000005,0,0,1.2,1.6,0.2
4.28,0,0,1.2,1.6,0.2
4.29,0,0,1.2,1.6,0.2
4.3,0,0,1.2,1.6,0.2
4.3100000000000005,0,0,1.2,1.6,0.2
4.32,0,0,1.2,1.6,0.2
4.33,0,0,1.2,1.6,0.2
4.34,0,0,1.2,1.6,0.2
4.3500000000000005,0,0,1.2,1.6,0.2
4.36,0,0,1.2,1.6,0.2
4.37,0,0,1.2,1.6,0.2
4.38,0,0,1.2,1.6,0.2
4.39,0,0,1.2,1.6,0.2
4.4,0,0,1.2,1.6,0.2
4.41,0,0,1.2,1.6,0.2
4.42,0,0,1.2,1.6,0.2
4.43,0,0,1.2,1.6,0.2
4.44,0,0,1.2,1.6,0.2
4.45,0,0,1.2,1.6,0.2
4.46,0,0,1.2,1.6,0.2
4.47,0,0,1.2,1.6,0.2
4.48,0,0,1.2,1.6,0.2
4.49,0,0,1.2,1.6,0.2
4.5,0,0,1.2,1.6,0.2
4.51,0,0,1.2,1.6,0.2
4.5200000000000005,0,0,1.2,1.6,0.2
4.53,0,0,1.2,1.6,0.2
4.54,0,0,1.2,1.6,0.2
4.55,0,0,1.2,1.6,0.2
4.5600000000000005,0,0,1.2,1.6,0.2
4.57,0,0,1.2,1.6,0.2
4.58,0,0,1.2,1.6,0.2
4.59,0,0,1.2,1.6,0.2
4.6000000000000005,0,0,1.2,1.6,0.2
4.61,0,0,1.2,1.6,0.2
4.62,0,0,1.2,1.6,0.2
4.63,0,0,1.2,1.6,0.2
4.64,0,0,1.2,1.6,0.2
4.65,0,0,1.2,1.6,0.2
4.66,0,0,1.2,1.6,0.2
4.67,0,0,1.2,1.6,0.2
4.68,0,0,1.2,1.6,0.2
4.69,0,0,1.2,1.6,0.2
4.7,0,0,1.2,1.6,0.2
4.71,0,0,1.2,1.6,0.2
4.72,0,0,1.2,1.6,0.2
4.73,0,0,1.2,1.6,0.2
4.74,0,0,1.2,1.6,0.2
4.75,0,0,1.2,1.6,0.2
4.76,0,0,1.2,1.6,0.2
4.7700000000000005,0,0,1.2,1.6,0.2
4.78,0,0,1.2,1.6,0.2
4.79,0,0,1.2,1.6,0.2
4.8,0,0,1.2,1.6,0.2
4.8100000000000005,0,0,1.2,1.6,0.2
4.82,0,0,1.2,1.6,0.2
4.83,0,0,1.2,1.6,0.2
4.84,0,0,1.2,1.6,0.2
4.8500000000000005,0,0,1.2,1.6,0.2
4.86,0,0,1.2,1.6,0.2
4.87,0,0,1.2,1.6,0.2
4.88,0,0,1.2,1.6,0.2
4.89,0,0,1.2,1.6,0.2
4.9,0,0,1.2,1.6,0.2
4.91,0,0,1.2,1.6,0.2
4.92,0,0,1.2,1.6,0.2
4.93,0,0,1.2,1.6,0.2
4.94,0,0,1.2,1.6,0.2
4.95,0,0,1.2,1.6,0.2
4.96,0,0,1.2,1.6,0.2
4.97,0,0,1.2,1.6,0.2
4.98,0,0,1.2,1.6,0.2
4.99,0,0,1.2,1.6,0.2
5.0,0,0,1.2,1.6,0.2
5.01,0,0,1.2,1.6,0.2
5.0200000000000005,0,0,1.2,1.6,0.2
5.03,0,0,1.2,1.6,0.2
5.04,0,0,1.2,1.6,0.2
5.05,0,0,1.2,1.6,0.2
5.0600000000000005,0,0,1.2,1.6,0.2
5.07,0,0,1.2,1.6,0.2
5.08,0,0,1.2,1.6,0.2
5.09,0,0,1.2,1.6,0.2
5.1000000000000005,0,0,1.2,1.6,0.2
5.11,0,0,1.2,1.6,0.2
5.12,0,0,1.2,1.6,0.2
5.13,0,0,1.2,1.6,0.2
5.14,0,0,1.2,1.6,0.2
5.15,0,0,1.2,1.6,0.2
5.16,0,0,1.2,1.6,0.2
5.17,0,0,1.2,1.6,0.2
5.18,0,0,1.2,1.6,0.2
5.19,0,0,1.2,1.6,0.2
5.2,0,0,1.2,1.6,0.2
5.21,0,0,1.2,1.6,0.2
5.22,0,0,1.2,1.6,0.2
5.23,0,0,1.2,1.6,0.2
5.24,0,0,1.2,1.6,0.2
5.25,0,0,1.2,1.6,0.2
5.26,0,0,1.2,1.6,0.2
5.2700000000000005,0,0,1.2,1.6,0.2
5.28,0,0,1.2,1.6,0.2
5.29,0,0,1.2,1.6,0.2
5.3,0,0,1.2,1.6,0.2
5.3100000000000005,0,0,1.2,1.6,0.2
5.32,0,0,1.2,1.6,0.2
5.33,0,0,1.2,1.6,0.2
5.34,0,0,1.2,1.6,0.2
5.3500000000000005,0,0,1.2,1.6,0.2
5.36,0,0,1.2,1.6,0.2
5.37,0,0,1.2,1.6,0.2
5.38,0,0,1.2,1.6,0.2
5.39,0,0,1.2,1.6,0.2
5.4,0,0,1.2,1.6,0.2
5.41,0,0,1.2,1.6,0.2
5.42,0,0,1.2,1.6,0.2
5.43,0,0,1.2,1.6,0.2
5.44,0,0,1.2,1.6,0.2
5.45,0,0,1.2,1.6,0.2
5.46,0,0,1.2,1.6,0.2
5.47,0,0,1.2,1.6,0.2
5.48,0,0,1.2,1.6,0.2
5.49,0,0,1.2,1.6,0.2
5.5,0,0,1.2,1.6,0.2
5.51,0,0,1.2,1.6,0.2
5.5200000000000005,0,0,1.2,1.6,0.2
5.53,0,0,1.2,1.6,0.2
5.54,0,0,1.2,1.6,0.2
5.55,0,0,1.2,1.6,0.2
5.5600000000000005,0,0,1.2,1.6,0.2
5.57,0,0,1.2,1.6,0.2
5.58,0,0,1.2,1.6,0.2
5.59,0,0,1.2,1.6,0.2
5.6000000000000005,0,0,1.2,1.6,0.2
5.61,0,0,1.2,1.6,0.2
5.62,0,0,1.2,1.6,0.2
5.63,0,0,1.2,1.6,0.2
5.64,0,0,1.2,1.6,0.2
5.65,0,0,1.2,1.6,0.2
5.66,0,0,1.2,1.6,0.2
5.67,0,0,1.2,1.6,0.2
5.68,0,0,1.2,1.6,0.2
5.69,0,0,1.2,1.6,0.2
5.7,0,0,1.2,1.6,0.2
5.71,0,0,1.2,1.6,0.2
5.72,0,0,1.2,1.6,0.2
5.73,0,0,1.2,1.6,0.2
5.74,0,0,1.2,1.6,0.2
5.75,0,0,1.2,1.6,0.2
5.76,0,0,1.2,1.6,0.2
5.7700000000000005,0,0,1.2,1.6,0.2
5.78,0,0,1.2,1.6,0.2
5.79,0,0,1.2,1.6,0.2
5.8,0,0,1.2,1.6,0.2
5.8100000000000005,0,0,1.2,1.6,0.2
5.82,0,0,1.2,1.6,0.2
5.83,0,0,1.2,1.6,0.2
5.84,0,0,1.2,1.6,0.2
5.8500000000000005,0,0,1.2,1.6,0.2
5.86,0,0,1.2,1.6,0.2
5.87,0,0,1.2,1.6,0.2
5.88,0,0,1.2,1.6,0.2
5.89,0,0,1.2,1.6,0.2
5.9,0,0,1.2,1.6,0.2
5.91,0,0,1.2,1.6,0.2
5.92,0,0,1.2,1.6,0.2
5.93,0,0,1.2,1.6,0.2
5.94,0,0,1.2,1.6,0.2
5.95,0,0,1.2,1.6,0.2
5.96,0,0,1.2,1.6,0.2
5.97,0,0,1.2,1.6,0.2
5.98,0,0,1.2,1.6,0.2
5.99,0,0,1.2,1.6,0.2
6.0,1,0,1.601921948700555,1.6,0.05
6.01,1,0,1.601921948700555,1.6,0.05
6.0200000000000005,1,0,1.601921948700555,1.6,0.05
6.03,1,0,1.601921948700555,1.6,0.05
6.04,1,0,1.601921948700555,1.6,0.05
6.05,1,0,1.601921948700555,1.6,0.05
6.0600000000000005,1,0,1.601921948700555,1.6,0.05
6.07,1,0,1.601921948700555,1.6,0.05
6.08,1,0,1.601921948700555,1.6,0.05
6.09,1,0,1.601921948700555,1.6,0.05
6.1000000000000005,1,0,1.601921948700555,1.6,0.05
6.11,1,0,1.601921948700555,1.6,0.05
6.12,1,0,1.601921948700555,1.6,0.05
6.13,1,0,1.601921948700555,1.6,0.05
6.140000000000001,1,0,1.601921948700555,1.6,0.05
6.15,1,0,1.601921948700555,1.6,0.05
6.16,1,0,1.601921948700555,1.6,0.05
6.17,1,0,1.601921948700555,1.6,0.05
6.18,1,0,1.601921948700555,1.6,0.05
6.19,1,0,1.601921948700555,1.6,0.05
6.2,1,0,1.601921948700555,1.6,0.05
6.21,1,0,1.601921948700555,1.6,0.05
6.22,1,0,1.601921948700555,1.6,0.05
6.23,1,0,1.601921948700555,1.6,0.05
6.24,1,0,1.601921948700555,1.6,0.05
6.25,1,0,1.601921948700555,1.6,0.05
6.26,1,0,1.601921948700555,1.6,0.05
6.2700000000000005,1,0,1.601921948700555,1.6,0.05
6.28,1,0,1.601921948700555,1.6,0.05
6.29,1,0,1.601921948700555,1.6,0.05
6.3,1,0,1.601921948700555,1.6,0.05
6.3100000000000005,1,1,1.601921948700555,1.6,0.05
6.32,1,0,1.601921948700555,1.6,0.05
6.33,1,0,1.601921948700555,1.6,0.05
6.34,1,0,1.601921948700555,1.6,0.05
6.3500000000000005,1,0,1.601921948700555,1.6,0.05
6.36,1,0,1.601921948700555,1.6,0.05
6.37,1,0,1.601921948700555,1.6,0.05
6.38,1,0,1.601921948700555,1.6,0.05
6.390000000000001,1,0,1.601921948700555,1.6,0.05
6.4,1,0,1.601921948700555,1.6,0.05
6.41,1,0,1.601921948700555,1.6,0.05
6.42,1,0,1.601921948700555,1.6,0.05
6.43,1,0,1.601921948700555,1.6,0.05
6.44,1,0,1.601921948700555,1.6,0.05
6.45,1,0,1.601921948700555,1.6,0.05
6.46,1,0,1.601921948700555,1.6,0.05
6.47,1,0,1.601921948700555,1.6,0.05
6.48,1,0,1.601921948700555,1.6,0.05
6.49,1,0,1.601921948700555,1.6,0.05
6.5,1,0,1.601921948700555,1.6,0.05
6.51,1,0,1.601921948700555,1.6,0.05
6.5200000000000005,1,0,1.601921948700555,1.6,0.05
6.53,1,0,1.601921948700555,1.6,0.05
6.54,1,0,1.601921948700555,1.6,0.05
6.55,1,0,1.601921948700555,1.6,0.05
6.5600000000000005,1,0,1.601921948700555,1.6,0.05
6.57,1,0,1.601921948700555,1.6,0.05
6.58,1,0,1.601921948700555,1.6,0.05
6.59,1,0,1.601921948700555,1.6,0.05
6.6000000000000005,1,0,1.601921948700555,1.6,0.05
6.61,1,0,1.601921948700555,1.6,0.05
6.62,1,0,1.601921948700555,1.6,0.05
6.63,1,0,1.601921948700555,1.6,0.05
6.640000000000001,1,0,1.601921948700555,1.6,0.05
6.65,1,0,1.601921948700555,1.6,0.05
6.66,1,0,1.601921948700555,1.6,0.05
6.67,1,0,1.601921948700555,1.6,0.05
6.68,1,0,1.601921948700555,1.6,0.05
6.69,1,0,1.601921948700555,1.6,0.05
6.7,1,0,1.601921948700555,1.6,0.05
6.71,1,0,1.601921948700555,1.6,0.05
6.72,1,0,1.601921948700555,1.6,0.05
6.73,1,0,1.601921948700555,1.6,0.05
6.74,1,0,1.601921948700555,1.6,0.05
6.75,1,0,1.601921948700555,1.6,0.05
6.76,1,0,1.601921948700555,1.6,0.05
6.7700000000000005,1,0,1.601921948700555,1.6,0.05
6.78,1,0,1.601921948700555,1.6,0.05
6.79,1,0,1.601921948700555,1.6,0.05
6.8,1,0,1.601921948700555,1.6,0.05
6.8100000000000005,1,0,1.601921948700555,1.6,0.05
6.82,1,0,1.601921948700555,1.6,0.05
6.83,1,0,1.601921948700555,1.6,0.05
6.84,1,0,1.601921948700555,1.6,0.05
6.8500000000000005,1,0,1.601921948700555,1.6,0.05
6.86,1,0,1.601921948700555,1.6,0.05
6.87,1,0,1.601921948700555,1.6,0.05
6.88,1,0,1.601921948700555,1.6,0.05
6.890000000000001,1,0,1.601921948700555,1.6,0.05
6.9,1,0,1.601921948700555,1.6,0.05
6.91,1,0,1.601921948700555,1.6,0.05
6.92,1,0,1.601921948700555,1.6,0.05
6.93,1,0,1.601921948700555,1.6,0.05
6.94,1,0,1.601921948700555,1.6,0.05
6.95,1,0,1.601921948700555,1.6,0.05
6.96,1,0,1.601921948700555,1.6,0.05
6.97,1,0,1.601921948700555,1.6,0.05
6.98,1,0,1.601921948700555,1.6,0.05
6.99,1,0,1.601921948700555,1.6,0.05
7.0,1,0,1.601921948700555,1.6,0.05
7.01,1,0,1.601921948700555,1.6,0.05
7.0200000000000005,1,0,1.601921948700555,1.6,0.05
7.03,1,0,1.601921948700555,1.6,0.05
7.04,1,0,1.601921948700555,1.6,0.05
7.05,1,0,1.601921948700555,1.6,0.05
7.0600000000000005,1,0,1.601921948700555,1.6,0.05
7.07,1,0,1.601921948700555,1.6,0.05
7.08,1,0,1.601921948700555,1.6,0.05
7.09,1,0,1.601921948700555,1.6,0.05
7.1000000000000005,1,0,1.601921948700555,1.6,0.05
7.11,1,1,1.601921948700555,1.6,0.05
7.12,1,0,1.601921948700555,1.6,0.05
7.13,1,0,1.601921948700555,1.6,0.05
7.140000000000001,1,0,1.601921948700555,1.6,0.05
7.15,1,0,1.601921948700555,1.6,0.05
7.16,1,0,1.601921948700555,1.6,0.05
7.17,1,0,1.601921948700555,1.6,0.05
7.18,1,0,1.601921948700555,1.6,0.05
7.19,1,0,1.601921948700555,1.6,0.05
7.2,1,0,1.601921948700555,1.6,0.05
7.21,1,0,1.601921948700555,1.6,0.05
7.22,1,0,1.601921948700555,1.6,0.05
7.23,1,0,1.601921948700555,1.6,0.05
7.24,1,0,1.601921948700555,1.6,0.05
7.25,1,0,1.601921948700555,1.6,0.05
7.26,1,0,1.601921948700555,1.6,0.05
7.2700000000000005,1,0,1.601921948700555,1.6,0.05
7.28,1,0,1.601921948700555,1.6,0.05
7.29,1,0,1.601921948700555,1.6,0.05
7.3,1,0,1.601921948700555,1.6,0.05
7.3100000000000005,1,0,1.601921948700555,1.6,0.05
7.32,1,0,1.601921948700555,1.6,0.05
7.33,1,0,1.601921948700555,1.6,0.05
7.34,1,0,1.601921948700555,1.6,0.05
7.3500000000000005,1,0,1.601921948700555,1.6,0.05
7.36,1,0,1.601921948700555,1.6,0.05
7.37,1,0,1.601921948700555,1.6,0.05
7.38,1,0,1.601921948700555,1.6,0.05
7.390000000000001,1,0,1.601921948700555,1.6,0.05
7.4,1,0,1.601921948700555,1.6,0.05
7.41,1,0,1.601921948700555,1.6,0.05
7.42,1,0,1.601921948700555,1.6,0.05
7.43,1,0,1.601921948700555,1.6,0.05
7.44,1,0,1.601921948700555,1.6,0.05
7.45,1,0,1.601921948700555,1.6,0.05
7.46,1,0,1.601921948700555,1.6,0.05
7.47,1,0,1.601921948700555,1.6,0.05
7.48,1,0,1.601921948700555,1.6,0.05
7.49,1,0,1.601921948700555,1.6,0.05
7.5,1,0,1.601921948700555,1.6,0.05
7.51,1,0,1.601921948700555,1.6,0.05
7.5200000000000005,1,0,1.601921948700555,1.6,0.05
7.53,1,0,1.601921948700555,1.6,0.05
7.54,1,0,1.601921948700555,1.6,0.05
7.55,1,0,1.601921948700555,1.6,0.05
7.5600000000000005,1,0,1.601921948700555,1.6,0.05
7.57,1,0,1.601921948700555,1.6,0.05
7.58,1,0,1.601921948700555,1.6,0.05
7.59,1,0,1.601921948700555,1.6,0.05
7.6000000000000005,1,0,1.601921948700555,1.6,0.05
7.61,1,0,1.601921948700555,1.6,0.05
7.62,1,0,1.601921948700555,1.6,0.05
7.63,1,0,1.601921948700555,1.6,0.05
7.640000000000001,1,0,1.601921948700555,1.6,0.05
7.65,1,0,1.601921948700555,1.6,0.05
7.66,1,0,1.601921948700555,1.6,0.05
7.67,1,0,1.601921948700555,1.6,0.05
7.68,1,0,1.601921948700555,1.6,0.05
7.69,1,0,1.601921948700555,1.6,0.05
7.7,1,0,1.601921948700555,1.6,0.05
7.71,1,0,1.601921948700555,1.6,0.05
7.72,1,0,1.601921948700555,1.6,0.05
7.73,1,0,1.601921948700555,1.6,0.05
7.74,1,0,1.601921948700555,1.6,0.05
7.75,1,0,1.601921948700555,1.6,0.05
7.76,1,0,1.601921948700555,1.6,0.05
7.7700000000000005,1,0,1.601921948700555,1.6,0.05
7.78,1,0,1.601921948700555,1.6,0.05
7.79,1,0,1.601921948700555,1.6,0.05
7.8,1,0,1.601921948700555,1.6,0.05
7.8100000000000005,1,0,1.601921948700555,1.6,0.05
7.82,1,0,1.601921948700555,1.6,0.05
7.83,1,0,1.601921948700555,1.6,0.05
7.84,1,0,1.601921948700555,1.6,0.05
7.8500000000000005,1,0,1.601921948700555,1.6,0.05
7.86,1,0,1.601921948700555,1.6,0.05
7.87,1,0,1.601921948700555,1.6,0.05
7.88,1,0,1.601921948700555,1.6,0.05
7.890000000000001,1,0,1.601921948700555,1.6,0.05
7.9,1,0,1.601921948700555,1.6,0.05
7.91,1,1,1.601921948700555,1.6,0.05
7.92,1,0,1.601921948700555,1.6,0.05
7.930000000000001,1,0,1.601921948700555,1.6,0.05
7.94,1,0,1.601921948700555,1.6,0.05
7.95,1,0,1.601921948700555,1.6,0.05
7.96,1,0,1.601921948700555,1.6,0.05
7.97,1,0,1.601921948700555,1.6,0.05
7.98,1,0,1.601921948700555,1.6,0.05
7.99,1,0,1.601921948700555,1.6,0.05
8.0,1,0,1.601921948700555,1.1,0.05
8.01,1,0,1.601921948700555,1.1,0.05
8.02,1,0,1.601921948700555,1.1,0.05
8.03,1,0,1.601921948700555,1.1,0.05
8.040000000000001,1,0,1.601921948700555,1.1,0.05
8.05,1,0,1.601921948700555,1.1,0.05
8.06,1,0,1.601921948700555,1.1,0.05
8.07,1,0,1.601921948700555,1.1,0.05
8.08,1,0,1.601921948700555,1.1,0.05
8.09,1,0,1.601921948700555,1.1,0.05
8.1,1,0,1.601921948700555,1.1,0.05
8.11,1,0,1.601921948700555,1.1,0.05
8.120000000000001,1,0,1.601921948700555,1.1,0.05
8.13,1,0,1.601921948700555,1.1,0.05
8.14,1,0,1.601921948700555,1.1,0.05
8.15,1,0,1.601921948700555,1.1,0.05
8.16,1,0,1.601921948700555,1.1,0.05
8.17,1,0,1.601921948700555,1.1,0.05
8.18,1,0,1.601921948700555,1.1,0.05
8.19,1,0,1.601921948700555,1.1,0.05
8.2,1,0,1.601921948700555,1.1,0.05
8.21,1,0,1.601921948700555,1.1,0.05
8.22,1,0,1.601921948700555,1.1,0.05
8.23,1,0,1.601921948700555,1.1,0.05
8.24,1,0,1.601921948700555,1.1,0.05
8.25,1,0,1.601921948700555,1.1,0.05
8.26,1,0,1.601921948700555,1.1,0.05
8.27,1,0,1.601921948700555,1.1,0.05
8.28,1,0,1.601921948700555,1.1,0.05
8.290000000000001,1,0,1.601921948700555,1.1,0.05
8.3,1,0,1.601921948700555,1.1,0.05
8.31,1,0,1.601921948700555,1.1,0.05
8.32,1,0,1.601921948700555,1.1,0.05
8.33,1,0,1.601921948700555,1.1,0.05
8.34,1,0,1.601921948700555,1.1,0.05
8.35,1,0,1.601921948700555,1.1,0.05
8.36,1,0,1.601921948700555,1.1,0.05
8.370000000000001,1,0,1.601921948700555,1.1,0.05
8.38,1,0,1.601921948700555,1.1,0.05
8.39,1,0,1.601921948700555,1.1,0.05
8.4,1,0,1.601921948700555,1.1,0.05
8.41,1,0,1.601921948700555,1.1,0.05
8.42,1,0,1.601921948700555,1.1,0.05
8.43,1,0,1.601921948700555,1.1,0.05
8.44,1,0,1.601921948700555,1.1,0.05
8.45,1,0,1.601921948700555,1.1,0.05
8.46,1,0,1.601921948700555,1.1,0.05
8.47,1,0,1.601921948700555,1.1,0.05
8.48,1,0,1.601921948700555,1.1,0.05
8.49,1,0,1.601921948700555,1.1,0.05
8.5,1,0,1.601921948700555,1.1,0.05
8.51,1,0,1.601921948700555,1.1,0.05
8.52,1,0,1.601921948700555,1.1,0.05
8.53,1,0,1.601921948700555,1.1,0.05
8.540000000000001,1,0,1.601921948700555,1.1,0.05
8.55,1,0,1.601921948700555,1.1,0.05
8.56,1,0,1.601921948700555,1.1,0.05
8.57,1,0,1.601921948700555,1.1,0.05
8.58,1,0,1.601921948700555,1.1,0.05
8.59,1,0,1.601921948700555,1.1,0.05
8.6,1,0,1.601921948700555,1.1,0.05
8.61,1,0,1.601921948700555,1.1,0.05
8.620000000000001,1,0,1.601921948700555,1.1,0.05
8.63,1,0,1.601921948700555,1.1,0.05
8.64,1,0,1.601921948700555,1.1,0.05
8.65,1,0,1.601921948700555,1.1,0.05
8.66,1,0,1.601921948700555,1.1,0.05
8.67,1,0,1.601921948700555,1.1,0.05
8.68,1,0,1.601921948700555,1.1,0.05
8.69,1,0,1.601921948700555,1.1,0.05
8.700000000000001,1,0,1.601921948700555,1.1,0.05
8.71,1,1,1.601921948700555,1.1,0.05
8.72,1,0,1.601921948700555,1.1,0.05
8.73,1,0,1.601921948700555,1.1,0.05
8.74,1,0,1.601921948700555,1.1,0.05
8.75,1,0,1.601921948700555,1.1,0.05
8.76,1,0,1.601921948700555,1.1,0.05
8.77,1,0,1.601921948700555,1.1,0.05
8.78,1,0,1.601921948700555,1.1,0.05
8.790000000000001,1,0,1.601921948700555,1.1,0.05
8.8,1,0,1.601921948700555,1.1,0.05
8.81,1,0,1.601921948700555,1.1,0.05
8.82,1,0,1.601921948700555,1.1,0.05
8.83,1,0,1.601921948700555,1.1,0.05
8.84,1,0,1.601921948700555,1.1,0.05
8.85,1,0,1.601921948700555,1.1,0.05
8.86,1,0,1.601921948700555,1.1,0.05
8.870000000000001,1,0,1.601921948700555,1.1,0.05
8.88,1,0,1.601921948700555,1.1,0.05
8.89,1,0,1.601921948700555,1.1,0.05
8.9,1,0,1.601921948700555,1.1,0.05
8.91,1,0,1.601921948700555,1.1,0.05
8.92,1,0,1.601921948700555,1.1,0.05
8.93,1,0,1.601921948700555,1.1,0.05
8.94,1,0,1.601921948700555,1.1,0.05
8.950000000000001,1,0,1.601921948700555,1.1,0.05
8.96,1,0,1.601921948700555,1.1,0.05
8.97,1,0,1.601921948700555,1.1,0.05
8.98,1,0,1.601921948700555,1.1,0.05
8.99,1,0,1.601921948700555,1.1,0.05
9.0,1,0,1.601921948700555,1.1,0.05005265194938241
9.01,1,0,1.601921948700555,1.1,0.05005265194938241
9.02,1,0,1.601921948700555,1.1,0.05005265194938241
9.03,1,0,1.601921948700555,1.1,0.05005265194938241
9.040000000000001,1,0,1.601921948700555,1.1,0.05005265194938241
9.05,1,0,1.601921948700555,1.1,0.05005265194938241
9.06,1,0,1.601921948700555,1.1,0.05005265194938241
9.07,1,0,1.601921948700555,1.1,0.05005265194938241
9.08,1,0,1.601921948700555,1.1,0.05005265194938241
9.09,1,0,1.601921948700555,1.1,0.05005265194938241
9.1,1,0,1.601921948700555,1.1,0.05005265194938241
9.11,1,0,1.601921948700555,1.1,0.05005265194938241
9.120000000000001,1,0,1.601921948700555,1.1,0.05005265194938241
9.13,1,0,1.601921948700555,1.1,0.05005265194938241
9.14,1,0,1.601921948700555,1.1,0.05005265194938241
9.15,1,0,1.601921948700555,1.1,0.05005265194938241
9.16,1,0,1.601921948700555,1.1,0.05005265194938241
9.17,1,0,1.601921948700555,1.1,0.05005265194938241
9.18,1,0,1.601921948700555,1.1,0.05005265194938241
9.19,1,0,1.601921948700555,1.1,0.05005265194938241
9.200000000000001,1,0,1.601921948700555,1.1,0.05005265194938241
9.21,1,0,1.601921948700555,1.1,0.05005265194938241
9.22,1,0,1.601921948700555,1.1,0.05005265194938241
9.23,1,0,1.601921948700555,1.1,0.05005265194938241
9.24,1,0,1.601921948700555,1.1,0.05005265194938241
9.25,1,0,1.601921948700555,1.1,0.05005265194938241
9.26,1,1,1.601921948700555,1.1,0.05005265194938241
9.27,1,0,1.601921948700555,1.1,0.05005265194938241
9.28,1,0,1.601921948700555,1.1,0.05005265194938241
9.290000000000001,1,0,1.601921948700555,1.1,0.05005265194938241
9.3,1,0,1.601921948700555,1.1,0.05005265194938241
9.31,1,0,1.601921948700555,1.1,0.05005265194938241
9.32,1,0,1.601921948700555,1.1,0.05005265194938241
9.33,1,0,1.601921948700555,1.1,0.05005265194938241
9.34,1,0,1.601921948700555,1.1,0.05005265194938241
9.35,1,0,1.601921948700555,1.1,0.05005265194938241
9.36,1,0,1.601921948700555,1.1,0.05005265194938241
9.370000000000001,1,0,1.601921948700555,1.1,0.05005265194938241
9.38,1,0,1.601921948700555,1.1,0.05005265194938241
9.39,1,0,1.601921948700555,1.1,0.05005265194938241
9.4,1,0,1.601921948700555,1.1,0.05005265194938241
9.41,1,0,1.601921948700555,1.1,0.05005265194938241
9.42,1,0,1.601921948700555,1.1,0.05005265194938241
9.43,1,0,1.601921948700555,1.1,0.05005265194938241
9.44,1,0,1.601921948700555,1.1,0.05005265194938241
9.450000000000001,1,0,1.601921948700555,1.1,0.05005265194938241
9.46,1,0,1.601921948700555,1.1,0.05005265194938241
9.47,1,0,1.601921948700555,1.1,0.05005265194938241
9.48,1,0,1.601921948700555,1.1,0.05005265194938241
9.49,1,0,1.601921948700555,1.1,0.05005265194938241
9.5,1,0,1.601921948700555,1.1,0.05005265194938241
9.51,1,0,1.601921948700555,1.1,0.05005265194938241
9.52,1,0,1.601921948700555,1.1,0.05005265194938241
9.53,1,0,1.601921948700555,1.1,0.05005265194938241
9.540000000000001,1,0,1.601921948700555,1.1,0.05005265194938241
9.55,1,0,1.601921948700555,1.1,0.05005265194938241
9.56,1,0,1.601921948700555,1.1,0.05005265194938241
9.57,1,0,1.601921948700555,1.1,0.05005265194938241
9.58,1,0,1.601921948700555,1.1,0.05005265194938241
9.59,1,0,1.601921948700555,1.1,0.05005265194938241
9.6,1,0,1.601921948700555,1.1,0.05005265194938241
9.61,1,0,1.601921948700555,1.1,0.05005265194938241
9.620000000000001,1,0,1.601921948700555,1.1,0.05005265194938241
9.63,1,0,1.601921948700555,1.1,0.05005265194938241
9.64,1,0,1.601921948700555,1.1,0.05005265194938241
9.65,1,0,1.601921948700555,1.1,0.05005265194938241
9.66,1,0,1.601921948700555,1.1,0.05005265194938241
9.67,1,0,1.601921948700555,1.1,0.05005265194938241
9.68,1,0,1.601921948700555,1.1,0.05005265194938241
9.69,1,0,1.601921948700555,1.1,0.05005265194938241
9.700000000000001,1,0,1.601921948700555,1.1,0.05005265194938241
9.71,1,0,1.601921948700555,1.1,0.05005265194938241
9.72,1,0,1.601921948700555,1.1,0.05005265194938241
9.73,1,0,1.601921948700555,1.1,0.05005265194938241
9.74,1,0,1.601921948700555,1.1,0.05005265194938241
9.75,1,0,1.601921948700555,1.1,0.05005265194938241
9.76,1,0,1.601921948700555,1.1,0.05005265194938241
9.77,1,0,1.601921948700555,1.1,0.05005265194938241
9.78,1,0,1.601921948700555,1.1,0.05005265194938241
9.790000000000001,1,0,1.601921948700555,1.1,0.05005265194938241
9.8,1,0,1.601921948700555,1.1,0.05005265194938241
9.81,1,1,1.600796178343949,1.1,0.05005265194938241
9.82,1,0,1.600796178343949,1.1,0.05005265194938241
9.83,1,0,1.600796178343949,1.1,0.05005265194938241
9.84,1,0,1.600796178343949,1.1,0.05005265194938241
9.85,1,0,1.600796178343949,1.1,0.05005265194938241
9.86,1,0,1.600796178343949,1.1,0.05005265194938241
9.870000000000001,1,0,1.600796178343949,1.1,0.05005265194938241
9.88,1,0,1.600796178343949,1.1,0.05005265194938241
9.89,1,0,1.600796178343949,1.1,0.05005265194938241
9.9,1,0,1.600796178343949,1.1,0.05005265194938241
9.91,1,0,1.600796178343949,1.1,0.05005265194938241
9.92,1,0,1.600796178343949,1.1,0.05005265194938241
9.93,1,0,1.600796178343949,1.1,0.05005265194938241
9.94,1,0,1.600796178343949,1.1,0.05005265194938241
9.950000000000001,1,0,1.600796178343949,1.1,0.05005265194938241
9.96,1,0,1.600796178343949,1.1,0.05005265194938241
9.97,1,0,1.600796178343949,1.1,0.05005265194938241
9.98,1,0,1.600796178343949,1.1,0.05005265194938241
9.99,1,0,1.600796178343949,1.1,0.05005265194938241
10.0,1,0,1.600796178343949,1.1,0.051218364611949896
10.01,1,0,1.600796178343949,1.1,0.051218364611949896
10.02,1,0,1.600796178343949,1.1,0.051218364611949896
10.03,1,0,1.600796178343949,1.1,0.051218364611949896
10.040000000000001,1,0,1.600796178343949,1.1,0.051218364611949896
10.05,1,0,1.600796178343949,1.1,0.051218364611949896
10.06,1,0,1.600796178343949,1.1,0.051218364611949896
10.07,1,0,1.600796178343949,1.1,0.051218364611949896
10.08,1,0,1.600796178343949,1.1,0.051218364611949896
10.09,1,0,1.600796178343949,1.1,0.051218364611949896
10.1,1,0,1.600796178343949,1.1,0.051218364611949896
10.11,1,0,1.600796178343949,1.1,0.051218364611949896
10.120000000000001,1,0,1.600796178343949,1.1,0.051218364611949896
10.13,1,0,1.600796178343949,1.1,0.051218364611949896
10.14,1,0,1.600796178343949,1.1,0.051218364611949896
10.15,1,0,1.600796178343949,1.1,0.051218364611949896
10.16,1,0,1.600796178343949,1.1,0.051218364611949896
10.17,1,0,1.600796178343949,1.1,0.051218364611949896
10.18,1,0,1.600796178343949,1.1,0.051218364611949896
10.19,1,0,1.600796178343949,1.1,0.051218364611949896
10.200000000000001,1,0,1.600796178343949,1.1,0.051218364611949896
10.21,1,0,1.600796178343949,1.1,0.051218364611949896
10.22,1,0,1.600796178343949,1.1,0.051218364611949896
10.23,1,0,1.600796178343949,1.1,0.051218364611949896
10.24,1,0,1.600796178343949,1.1,0.051218364611949896
10.25,1,0,1.600796178343949,1.1,0.051218364611949896
10.26,1,0,1.600796178343949,1.1,0.051218364611949896
10.27,1,0,1.600796178343949,1.1,0.051218364611949896
10.28,1,0,1.600796178343949,1.1,0.051218364611949896
10.290000000000001,1,0,1.600796178343949,1.1,0.051218364611949896
10.3,1,0,1.600796178343949,1.1,0.051218364611949896
10.31,1,0,1.600796178343949,1.1,0.051218364611949896
10.32,1,0,1.600796178343949,1.1,0.051218364611949896
10.33,1,0,1.600796178343949,1.1,0.051218364611949896
10.34,1,0,1.600796178343949,1.1,0.051218364611949896
10.35,1,0,1.600796178343949,1.1,0.051218364611949896
10.36,1,1,1.6000000000000005,1.1,0.051218364611949896
10.370000000000001,1,0,1.6000000000000005,1.1,0.051218364611949896
10.38,1,0,1.6000000000000005,1.1,0.051218364611949896
10.39,1,0,1.6000000000000005,1.1,0.051218364611949896
10.4,1,0,1.6000000000000005,1.1,0.051218364611949896
10.41,1,0,1.6000000000000005,1.1,0.051218364611949896
10.42,1,0,1.6000000000000005,1.1,0.051218364611949896
10.43,1,0,1.6000000000000005,1.1,0.051218364611949896
10.44,1,0,1.6000000000000005,1.1,0.051218364611949896
10.450000000000001,1,0,1.6000000000000005,1.1,0.051218364611949896
10.46,1,0,1.6000000000000005,1.1,0.051218364611949896
10.47,1,0,1.6000000000000005,1.1,0.051218364611949896
10.48,1,0,1.6000000000000005,1.1,0.051218364611949896
10.49,1,0,1.6000000000000005,1.1,0.051218364611949896
10.5,1,0,1.6000000000000005,1.1,0.051218364611949896
10.51,1,0,1.6000000000000005,1.1,0.051218364611949896
10.52,1,0,1.6000000000000005,1.1,0.051218364611949896
10.53,1,0,1.6000000000000005,1.1,0.051218364611949896
10.540000000000001,1,0,1.6000000000000005,1.1,0.051218364611949896
10.55,1,0,1.6000000000000005,1.1,0.051218364611949896
10.56,1,0,1.6000000000000005,1.1,0.051218364611949896
10.57,1,0,1.6000000000000005,1.1,0.051218364611949896
10.58,1,0,1.6000000000000005,1.1,0.051218364611949896
10.59,1,0,1.6000000000000005,1.1,0.051218364611949896
10.6,1,0,1.6000000000000005,1.1,0.051218364611949896
10.61,1,0,1.6000000000000005,1.1,0.051218364611949896
10.620000000000001,1,0,1.6000000000000005,1.1,0.051218364611949896
10.63,1,0,1.6000000000000005,1.1,0.051218364611949896
10.64,1,0,1.6000000000000005,1.1,0.051218364611949896
10.65,1,0,1.6000000000000005,1.1,0.051218364611949896
10.66,1,0,1.6000000000000005,1.1,0.051218364611949896
10.67,1,0,1.6000000000000005,1.1,0.051218364611949896
10.68,1,0,1.6000000000000005,1.1,0.051218364611949896
10.69,1,0,1.6000000000000005,1.1,0.051218364611949896
10.700000000000001,1,0,1.6000000000000005,1.1,0.051218364611949896
10.71,1,0,1.6000000000000005,1.1,0.051218364611949896
10.72,1,0,1.6000000000000005,1.1,0.051218364611949896
10.73,1,0,1.6000000000000005,1.1,0.051218364611949896
10.74,1,0,1.6000000000000005,1.1,0.051218364611949896
10.75,1,0,1.6000000000000005,1.1,0.051218364611949896
10.76,1,0,1.6000000000000005,1.1,0.051218364611949896
10.77,1,0,1.6000000000000005,1.1,0.051218364611949896
10.78,1,0,1.6000000000000005,1.1,0.051218364611949896
10.790000000000001,1,0,1.6000000000000005,1.1,0.051218364611949896
10.8,1,0,1.6000000000000005,1.1,0.051218364611949896
10.81,1,0,1.6000000000000005,1.1,0.051218364611949896
10.82,1,0,1.6000000000000005,1.1,0.051218364611949896
10.83,1,0,1.6000000000000005,1.1,0.051218364611949896
10.84,1,0,1.6000000000000005,1.1,0.051218364611949896
10.85,1,0,1.6000000000000005,1.1,0.051218364611949896
10.86,1,0,1.6000000000000005,1.1,0.051218364611949896
10.870000000000001,1,0,1.6000000000000005,1.1,0.051218364611949896
10.88,1,0,1.6000000000000005,1.1,0.051218364611949896
10.89,1,0,1.6000000000000005,1.1,0.051218364611949896
10.9,1,0,1.6000000000000005,1.1,0.051218364611949896
10.91,1,1,1.6000000000000005,1.1,0.051218364611949896
10.92,1,0,1.6000000000000005,1.1,0.051218364611949896
10.93,1,0,1.6000000000000005,1.1,0.051218364611949896
10.94,1,0,1.6000000000000005,1.1,0.051218364611949896
10.950000000000001,1,0,1.6000000000000005,1.1,0.051218364611949896
10.96,1,0,1.6000000000000005,1.1,0.051218364611949896
10.97,1,0,1.6000000000000005,1.1,0.051218364611949896
10.98,1,0,1.6000000000000005,1.1,0.051218364611949896
10.99,1,0,1.6000000000000005,1.1,0.051218364611949896
11.0,1,0,1.6000000000000005,1.1,0.05280172376863686
11.01,1,0,1.6000000000000005,1.1,0.05280172376863686
11.02,1,0,1.6000000000000005,1.1,0.05280172376863686
11.03,1,0,1.6000000000000005,1.1,0.05280172376863686
11.040000000000001,1,0,1.6000000000000005,1.1,0.05280172376863686
11.05,1,0,1.6000000000000005,1.1,0.05280172376863686
11.06,1,0,1.6000000000000005,1.1,0.05280172376863686
11.07,1,0,1.6000000000000005,1.1,0.05280172376863686
11.08,1,0,1.6000000000000005,1.1,0.05280172376863686
11.09,1,0,1.6000000000000005,1.1,0.05280172376863686
11.1,1,0,1.6000000000000005,1.1,0.05280172376863686
11.11,1,0,1.6000000000000005,1.1,0.05280172376863686
11.120000000000001,1,0,1.6000000000000005,1.1,0.05280172376863686
11.13,1,0,1.6000000000000005,1.1,0.05280172376863686
11.14,1,0,1.6000000000000005,1.1,0.05280172376863686
11.15,1,0,1.6000000000000005,1.1,0.05280172376863686
11.16,1,0,1.6000000000000005,1.1,0.05280172376863686
11.17,1,0,1.6000000000000005,1.1,0.05280172376863686
11.18,1,0,1.6000000000000005,1.1,0.05280172376863686
11.19,1,0,1.6000000000000005,1.1,0.05280172376863686
11.200000000000001,1,0,1.6000000000000005,1.1,0.05280172376863686
11.21,1,0,1.6000000000000005,1.1,0.05280172376863686
11.22,1,0,1.6000000000000005,1.1,0.05280172376863686
11.23,1,0,1.6000000000000005,1.1,0.05280172376863686
11.24,1,0,1.6000000000000005,1.1,0.05280172376863686
11.25,1,0,1.6000000000000005,1.1,0.05280172376863686
11.26,1,0,1.6000000000000005,1.1,0.05280172376863686
11.27,1,0,1.6000000000000005,1.1,0.05280172376863686
11.28,1,0,1.6000000000000005,1.1,0.05280172376863686
11.290000000000001,1,0,1.6000000000000005,1.1,0.05280172376863686
11.3,1,0,1.6000000000000005,1.1,0.05280172376863686
11.31,1,0,1.6000000000000005,1.1,0.05280172376863686
11.32,1,0,1.6000000000000005,1.1,0.05280172376863686
11.33,1,0,1.6000000000000005,1.1,0.05280172376863686
11.34,1,0,1.6000000000000005,1.1,0.05280172376863686
11.35,1,0,1.6000000000000005,1.1,0.05280172376863686
11.36,1,0,1.6000000000000005,1.1,0.05280172376863686
11.370000000000001,1,0,1.6000000000000005,1.1,0.05280172376863686
11.38,1,0,1.6000000000000005,1.1,0.05280172376863686
11.39,1,0,1.6000000000000005,1.1,0.05280172376863686
11.4,1,0,1.6000000000000005,1.1,0.05280172376863686
11.41,1,0,1.6000000000000005,1.1,0.05280172376863686
11.42,1,0,1.6000000000000005,1.1,0.05280172376863686
11.43,1,0,1.6000000000000005,1.1,0.05280172376863686
11.44,1,0,1.6000000000000005,1.1,0.05280172376863686
11.450000000000001,1,0,1.6000000000000005,1.1,0.05280172376863686
11.46,1,1,1.3499999999999996,1.1,0.05280172376863686
11.47,1,0,1.3499999999999996,1.1,0.05280172376863686
11.48,1,0,1.3499999999999996,1.1,0.05280172376863686
11.49,1,0,1.3499999999999996,1.1,0.05280172376863686
11.5,1,0,1.3499999999999996,1.1,0.05280172376863686
11.51,1,0,1.3499999999999996,1.1,0.05280172376863686
11.52,1,0,1.3499999999999996,1.1,0.05280172376863686
11.53,1,0,1.3499999999999996,1.1,0.05280172376863686
11.540000000000001,1,0,1.3499999999999996,1.1,0.05280172376863686
11.55,1,0,1.3499999999999996,1.1,0.05280172376863686
11.56,1,0,1.3499999999999996,1.1,0.05280172376863686
11.57,1,0,1.3499999999999996,1.1,0.05280172376863686
11.58,1,0,1.3499999999999996,1.1,0.05280172376863686
11.59,1,0,1.3499999999999996,1.1,0.05280172376863686
11.6,1,0,1.3499999999999996,1.1,0.05280172376863686
11.61,1,0,1.3499999999999996,1.1,0.05280172376863686
11.620000000000001,1,0,1.3499999999999996,1.1,0.05280172376863686
11.63,1,0,1.3499999999999996,1.1,0.05280172376863686
11.64,1,0,1.3499999999999996,1.1,0.05280172376863686
11.65,1,0,1.3499999999999996,1.1,0.05280172376863686
11.66,1,0,1.3499999999999996,1.1,0.05280172376863686
11.67,1,0,1.3499999999999996,1.1,0.05280172376863686
11.68,1,0,1.3499999999999996,1.1,0.05280172376863686
11.69,1,0,1.3499999999999996,1.1,0.05280172376863686
11.700000000000001,1,0,1.3499999999999996,1.1,0.05280172376863686
11.71,1,0,1.3499999999999996,1.1,0.05280172376863686
11.72,1,0,1.3499999999999996,1.1,0.05280172376863686
11.73,1,0,1.3499999999999996,1.1,0.05280172376863686
11.74,1,0,1.3499999999999996,1.1,0.05280172376863686
11.75,1,0,1.3499999999999996,1.1,0.05280172376863686
11.76,1,0,1.3499999999999996,1.1,0.05280172376863686
11.77,1,0,1.3499999999999996,1.1,0.05280172376863686
11.78,1,0,1.3499999999999996,1.1,0.05280172376863686
11.790000000000001,1,0,1.3499999999999996,1.1,0.05280172376863686
11.8,1,0,1.3499999999999996,1.1,0.05280172376863686
11.81,1,0,1.3499999999999996,1.1,0.05280172376863686
11.82,1,0,1.3499999999999996,1.1,0.05280172376863686
11.83,1,0,1.3499999999999996,1.1,0.05280172376863686
11.84,1,0,1.3499999999999996,1.1,0.05280172376863686
11.85,1,0,1.3499999999999996,1.1,0.05280172376863686
11.86,1,0,1.3499999999999996,1.1,0.05280172376863686
11.870000000000001,1,0,1.3499999999999996,1.1,0.05280172376863686
11.88,1,0,1.3499999999999996,1.1,0.05280172376863686
11.89,1,0,1.3499999999999996,1.1,0.05280172376863686
11.9,1,0,1.3499999999999996,1.1,0.05280172376863686
11.91,1,0,1.3499999999999996,1.1,0.05280172376863686
11.92,1,0,1.3499999999999996,1.1,0.05280172376863686
11.93,1,0,1.3499999999999996,1.1,0.05280172376863686
11.94,1,0,1.3499999999999996,1.1,0.05280172376863686
11.950000000000001,1,0,1.3499999999999996,1.1,0.05280172376863686
11.96,1,0,1.3499999999999996,1.1,0.05280172376863686
11.97,1,0,1.3499999999999996,1.1,0.05280172376863686
11.98,1,0,1.3499999999999996,1.1,0.05280172376863686
11.99,1,0,1.3499999999999996,1.1,0.05280172376863686
12.0,1,0,1.3499999999999996,1.1,0.054480238586185684
12.01,1,1,1.1000000000000014,1.1,0.054480238586185684
12.02,1,0,1.1000000000000014,1.1,0.054480238586185684
12.030000000000001,1,0,1.1000000000000014,1.1,0.054480238586185684
12.040000000000001,1,0,1.1000000000000014,1.1,0.054480238586185684
12.05,1,0,1.1000000000000014,1.1,0.054480238586185684
12.06,1,0,1.1000000000000014,1.1,0.054480238586185684
12.07,1,0,1.1000000000000014,1.1,0.054480238586185684
12.08,1,0,1.1000000000000014,1.1,0.054480238586185684
12.09,1,0,1.1000000000000014,1.1,0.054480238586185684
12.1,1,0,1.1000000000000014,1.1,0.054480238586185684
12.11,1,0,1.1000000000000014,1.1,0.054480238586185684
12.120000000000001,1,0,1.1000000000000014,1.1,0.054480238586185684
12.13,1,0,1.1000000000000014,1.1,0.054480238586185684
12.14,1,0,1.1000000000000014,1.1,0.054480238586185684
12.15,1,0,1.1000000000000014,1.1,0.054480238586185684
12.16,1,0,1.1000000000000014,1.1,0.054480238586185684
12.17,1,0,1.1000000000000014,1.1,0.054480238586185684
12.18,1,0,1.1000000000000014,1.1,0.054480238586185684
12.19,1,0,1.1000000000000014,1.1,0.054480238586185684
12.200000000000001,1,0,1.1000000000000014,1.1,0.054480238586185684
12.21,1,0,1.1000000000000014,1.1,0.054480238586185684
12.22,1,0,1.1000000000000014,1.1,0.054480238586185684
12.23,1,0,1.1000000000000014,1.1,0.054480238586185684
12.24,1,0,1.1000000000000014,1.1,0.054480238586185684
12.25,1,0,1.1000000000000014,1.1,0.054480238586185684
12.26,1,0,1.1000000000000014,1.1,0.054480238586185684
12.27,1,0,1.1000000000000014,1.1,0.054480238586185684
12.280000000000001,1,0,1.1000000000000014,1.1,0.054480238586185684
12.290000000000001,1,0,1.1000000000000014,1.1,0.054480238586185684
12.3,1,0,1.1000000000000014,1.1,0.054480238586185684
12.31,1,0,1.1000000000000014,1.1,0.054480238586185684
12.32,1,0,1.1000000000000014,1.1,0.054480238586185684
12.33,1,0,1.1000000000000014,1.1,0.054480238586185684
12.34,1,0,1.1000000000000014,1.1,0.054480238586185684
12.35,1,0,1.1000000000000014,1.1,0.054480238586185684
12.36,1,0,1.1000000000000014,1.1,0.054480238586185684
12.370000000000001,1,0,1.1000000000000014,1.1,0.054480238586185684
12.38,1,0,1.1000000000000014,1.1,0.054480238586185684
12.39,1,0,1.1000000000000014,1.1,0.054480238586185684
12.4,1,0,1.1000000000000014,1.1,0.054480238586185684
12.41,1,0,1.1000000000000014,1.1,0.054480238586185684
12.42,1,0,1.1000000000000014,1.1,0.054480238586185684
12.43,1,0,1.1000000000000014,1.1,0.054480238586185684
12.44,1,0,1.1000000000000014,1.1,0.054480238586185684
12.450000000000001,1,0,1.1000000000000014,1.1,0.054480238586185684
12.46,1,0,1.1000000000000014,1.1,0.054480238586185684
12.47,1,0,1.1000000000000014,1.1,0.054480238586185684
12.48,1,0,1.1000000000000014,1.1,0.054480238586185684
12.49,1,0,1.1000000000000014,1.1,0.054480238586185684
12.5,1,0,1.1000000000000014,1.1,0.054480238586185684
12.51,1,0,1.1000000000000014,1.1,0.054480238586185684
12.52,1,0,1.1000000000000014,1.1,0.054480238586185684
12.530000000000001,1,0,1.1000000000000014,1.1,0.054480238586185684
12.540000000000001,1,0,1.1000000000000014,1.1,0.054480238586185684
12.55,1,0,1.1000000000000014,1.1,0.054480238586185684
12.56,1,1,1.0999999999999996,1.1,0.054480238586185684
12.57,1,0,1.0999999999999996,1.1,0.054480238586185684
12.58,1,0,1.0999999999999996,1.1,0.054480238586185684
12.59,1,0,1.0999999999999996,1.1,0.054480238586185684
12.6,1,0,1.0999999999999996,1.1,0.054480238586185684
12.61,1,0,1.0999999999999996,1.1,0.054480238586185684
12.620000000000001,1,0,1.0999999999999996,1.1,0.054480238586185684
12.63,1,0,1.0999999999999996,1.1,0.054480238586185684
12.64,1,0,1.0999999999999996,1.1,0.054480238586185684
12.65,1,0,1.0999999999999996,1.1,0.054480238586185684
12.66,1,0,1.0999999999999996,1.1,0.054480238586185684
12.67,1,0,1.0999999999999996,1.1,0.054480238586185684
12.68,1,0,1.0999999999999996,1.1,0.054480238586185684
12.69,1,0,1.0999999999999996,1.1,0.054480238586185684
12.700000000000001,1,0,1.0999999999999996,1.1,0.054480238586185684
12.71,1,0,1.0999999999999996,1.1,0.054480238586185684
12.72,1,0,1.0999999999999996,1.1,0.054480238586185684
12.73,1,0,1.0999999999999996,1.1,0.054480238586185684
12.74,1,0,1.0999999999999996,1.1,0.054480238586185684
12.75,1,0,1.0999999999999996,1.1,0.054480238586185684
12.76,1,0,1.0999999999999996,1.1,0.054480238586185684
12.77,1,0,1.0999999999999996,1.1,0.054480238586185684
12.780000000000001,1,0,1.0999999999999996,1.1,0.054480238586185684
12.790000000000001,1,0,1.0999999999999996,1.1,0.054480238586185684
12.8,1,0,1.0999999999999996,1.1,0.054480238586185684
12.81,1,0,1.0999999999999996,1.1,0.054480238586185684
12.82,1,0,1.0999999999999996,1.1,0.054480238586185684
12.83,1,0,1.0999999999999996,1.1,0.054480238586185684
12.84,1,0,1.0999999999999996,1.1,0.054480238586185684
12.85,1,0,1.0999999999999996,1.1,0.054480238586185684
12.86,1,0,1.0999999999999996,1.1,0.054480238586185684
12.870000000000001,1,0,1.0999999999999996,1.1,0.054480238586185684
12.88,1,0,1.0999999999999996,1.1,0.054480238586185684
12.89,1,0,1.0999999999999996,1.1,0.054480238586185684
12.9,1,0,1.0999999999999996,1.1,0.054480238586185684
12.91,1,0,1.0999999999999996,1.1,0.054480238586185684
12.92,1,0,1.0999999999999996,1.1,0.054480238586185684
12.93,1,0,1.0999999999999996,1.1,0.054480238586185684
12.94,1,0,1.0999999999999996,1.1,0.054480238586185684
12.950000000000001,1,0,1.0999999999999996,1.1,0.054480238586185684
12.96,1,0,1.0999999999999996,1.1,0.054480238586185684
12.97,1,0,1.0999999999999996,1.1,0.054480238586185684
12.98,1,0,1.0999999999999996,1.1,0.054480238586185684
12.99,1,0,1.0999999999999996,1.1,0.054480238586185684
13.0,1,0,1.0999999999999996,1.1,0.056132915945033585
13.01,1,0,1.0999999999999996,1.1,0.056132915945033585
13.02,1,0,1.0999999999999996,1.1,0.056132915945033585
13.030000000000001,1,0,1.0999999999999996,1.1,0.056132915945033585
13.040000000000001,1,0,1.0999999999999996,1.1,0.056132915945033585
13.05,1,0,1.0999999999999996,1.1,0.056132915945033585
13.06,1,0,1.0999999999999996,1.1,0.056132915945033585
13.07,1,0,1.0999999999999996,1.1,0.056132915945033585
13.08,1,0,1.0999999999999996,1.1,0.056132915945033585
13.09,1,0,1.0999999999999996,1.1,0.056132915945033585
13.1,1,0,1.0999999999999996,1.1,0.056132915945033585
13.11,1,1,1.0999999999999996,1.1,0.056132915945033585
13.120000000000001,1,0,1.0999999999999996,1.1,0.056132915945033585
13.13,1,0,1.0999999999999996,1.1,0.056132915945033585
13.14,1,0,1.0999999999999996,1.1,0.056132915945033585
13.15,1,0,1.0999999999999996,1.1,0.056132915945033585
13.16,1,0,1.0999999999999996,1.1,0.056132915945033585
13.17,1,0,1.0999999999999996,1.1,0.056132915945033585
13.18,1,0,1.0999999999999996,1.1,0.056132915945033585
13.19,1,0,1.0999999999999996,1.1,0.056132915945033585
13.200000000000001,1,0,1.0999999999999996,1.1,0.056132915945033585
13.21,1,0,1.0999999999999996,1.1,0.056132915945033585
13.22,1,0,1.0999999999999996,1.1,0.056132915945033585
13.23,1,0,1.0999999999999996,1.1,0.056132915945033585
13.24,1,0,1.0999999999999996,1.1,0.056132915945033585
13.25,1,0,1.0999999999999996,1.1,0.056132915945033585
13.26,1,0,1.0999999999999996,1.1,0.056132915945033585
13.27,1,0,1.0999999999999996,1.1,0.056132915945033585
13.280000000000001,1,0,1.0999999999999996,1.1,0.056132915945033585
13.290000000000001,1,0,1.0999999999999996,1.1,0.056132915945033585
13.3,1,0,1.0999999999999996,1.1,0.056132915945033585
13.31,1,0,1.0999999999999996,1.1,0.056132915945033585
13.32,1,0,1.0999999999999996,1.1,0.056132915945033585
13.33,1,0,1.0999999999999996,1.1,0.056132915945033585
13.34,1,0,1.0999999999999996,1.1,0.056132915945033585
13.35,1,0,1.0999999999999996,1.1,0.056132915945033585
13.36,1,0,1.0999999999999996,1.1,0.056132915945033585
13.370000000000001,1,0,1.0999999999999996,1.1,0.056132915945033585
13.38,1,0,1.0999999999999996,1.1,0.056132915945033585
13.39,1,0,1.0999999999999996,1.1,0.056132915945033585
13.4,1,0,1.0999999999999996,1.1,0.056132915945033585
13.41,1,0,1.0999999999999996,1.1,0.056132915945033585
13.42,1,0,1.0999999999999996,1.1,0.056132915945033585
13.43,1,0,1.0999999999999996,1.1,0.056132915945033585
13.44,1,0,1.0999999999999996,1.1,0.056132915945033585
13.450000000000001,1,0,1.0999999999999996,1.1,0.056132915945033585
13.46,1,0,1.0999999999999996,1.1,0.056132915945033585
13.47,1,0,1.0999999999999996,1.1,0.056132915945033585
13.48,1,0,1.0999999999999996,1.1,0.056132915945033585
13.49,1,0,1.0999999999999996,1.1,0.056132915945033585
13.5,1,0,1.0999999999999996,1.1,0.056132915945033585
13.51,1,0,1.0999999999999996,1.1,0.056132915945033585
13.52,1,0,1.0999999999999996,1.1,0.056132915945033585
13.530000000000001,1,0,1.0999999999999996,1.1,0.056132915945033585
13.540000000000001,1,0,1.0999999999999996,1.1,0.056132915945033585
13.55,1,0,1.0999999999999996,1.1,0.056132915945033585
13.56,1,0,1.0999999999999996,1.1,0.056132915945033585
13.57,1,0,1.0999999999999996,1.1,0.056132915945033585
13.58,1,0,1.0999999999999996,1.1,0.056132915945033585
13.59,1,0,1.0999999999999996,1.1,0.056132915945033585
13.6,1,0,1.0999999999999996,1.1,0.056132915945033585
13.61,1,0,1.0999999999999996,1.1,0.056132915945033585
13.620000000000001,1,0,1.0999999999999996,1.1,0.056132915945033585
13.63,1,0,1.0999999999999996,1.1,0.056132915945033585
13.64,1,0,1.0999999999999996,1.1,0.056132915945033585
13.65,1,0,1.0999999999999996,1.1,0.056132915945033585
13.66,1,1,1.0999999999999996,1.1,0.056132915945033585
13.67,1,0,1.0999999999999996,1.1,0.056132915945033585
13.68,1,0,1.0999999999999996,1.1,0.056132915945033585
13.69,1,0,1.0999999999999996,1.1,0.056132915945033585
13.700000000000001,1,0,1.0999999999999996,1.1,0.056132915945033585
13.71,1,0,1.0999999999999996,1.1,0.056132915945033585
13.72,1,0,1.0999999999999996,1.1,0.056132915945033585
13.73,1,0,1.0999999999999996,1.1,0.056132915945033585
13.74,1,0,1.0999999999999996,1.1,0.056132915945033585
13.75,1,0,1.0999999999999996,1.1,0.056132915945033585
13.76,1,0,1.0999999999999996,1.1,0.056132915945033585
13.77,1,0,1.0999999999999996,1.1,0.056132915945033585
13.780000000000001,1,0,1.0999999999999996,1.1,0.056132915945033585
13.790000000000001,1,0,1.0999999999999996,1.1,0.056132915945033585
13.8,1,0,1.0999999999999996,1.1,0.056132915945033585
13.81,1,0,1.0999999999999996,1.1,0.056132915945033585
13.82,1,0,1.0999999999999996,1.1,0.056132915945033585
13.83,1,0,1.0999999999999996,1.1,0.056132915945033585
13.84,1,0,1.0999999999999996,1.1,0.056132915945033585
13.85,1,0,1.0999999999999996,1.1,0.056132915945033585
13.86,1,0,1.0999999999999996,1.1,0.056132915945033585
13.870000000000001,1,0,1.0999999999999996,1.1,0.056132915945033585
13.88,1,0,1.0999999999999996,1.1,0.056132915945033585
13.89,1,0,1.0999999999999996,1.1,0.056132915945033585
13.9,1,0,1.0999999999999996,1.1,0.056132915945033585
13.91,1,0,1.0999999999999996,1.1,0.056132915945033585
13.92,1,0,1.0999999999999996,1.1,0.056132915945033585
13.93,1,0,1.0999999999999996,1.1,0.056132915945033585
13.94,1,0,1.0999999999999996,1.1,0.056132915945033585
13.950000000000001,1,0,1.0999999999999996,1.1,0.056132915945033585
13.96,1,0,1.0999999999999996,1.1,0.056132915945033585
13.97,1,0,1.0999999999999996,1.1,0.056132915945033585
13.98,1,0,1.0999999999999996,1.1,0.056132915945033585
13.99,1,0,1.0999999999999996,1.1,0.056132915945033585
14.0,1,0,1.0999999999999996,1.1,0.05777952590138151
14.01,1,0,1.0999999999999996,1.1,0.05777952590138151
14.02,1,0,1.0999999999999996,1.1,0.05777952590138151
14.030000000000001,1,0,1.0999999999999996,1.1,0.05777952590138151
14.040000000000001,1,0,1.0999999999999996,1.1,0.05777952590138151
14.05,1,0,1.0999999999999996,1.1,0.05777952590138151
14.06,1,0,1.0999999999999996,1.1,0.05777952590138151
14.07,1,0,1.0999999999999996,1.1,0.05777952590138151
14.08,1,0,1.0999999999999996,1.1,0.05777952590138151
14.09,1,0,1.0999999999999996,1.1,0.05777952590138151
14.1,1,0,1.0999999999999996,1.1,0.05777952590138151
14.11,1,0,1.0999999999999996,1.1,0.05777952590138151
14.120000000000001,1,0,1.0999999999999996,1.1,0.05777952590138151
14.13,1,0,1.0999999999999996,1.1,0.05777952590138151
14.14,1,0,1.0999999999999996,1.1,0.05777952590138151
14.15,1,0,1.0999999999999996,1.1,0.05777952590138151
14.16,1,0,1.0999999999999996,1.1,0.05777952590138151
14.17,1,0,1.0999999999999996,1.1,0.05777952590138151
14.18,1,0,1.0999999999999996,1.1,0.05777952590138151
14.19,1,0,1.0999999999999996,1.1,0.05777952590138151
14.200000000000001,1,0,1.0999999999999996,1.1,0.05777952590138151
14.21,1,1,1.0999999999999996,1.1,0.05777952590138151
14.22,1,0,1.0999999999999996,1.1,0.05777952590138151
14.23,1,0,1.0999999999999996,1.1,0.05777952590138151
14.24,1,0,1.0999999999999996,1.1,0.05777952590138151
14.25,1,0,1.0999999999999996,1.1,0.05777952590138151
14.26,1,0,1.0999999999999996,1.1,0.05777952590138151
14.27,1,0,1.0999999999999996,1.1,0.05777952590138151
14.280000000000001,1,0,1.0999999999999996,1.1,0.05777952590138151
14.290000000000001,1,0,1.0999999999999996,1.1,0.05777952590138151
14.3,1,0,1.0999999999999996,1.1,0.05777952590138151
14.31,1,0,1.0999999999999996,1.1,0.05777952590138151
14.32,1,0,1.0999999999999996,1.1,0.05777952590138151
14.33,1,0,1.0999999999999996,1.1,0.05777952590138151
14.34,1,0,1.0999999999999996,1.1,0.05777952590138151
14.35,1,0,1.0999999999999996,1.1,0.05777952590138151
14.36,1,0,1.0999999999999996,1.1,0.05777952590138151
14.370000000000001,1,0,1.0999999999999996,1.1,0.05777952590138151
14.38,1,0,1.0999999999999996,1.1,0.05777952590138151
14.39,1,0,1.0999999999999996,1.1,0.05777952590138151
14.4,1,0,1.0999999999999996,1.1,0.05777952590138151
14.41,1,0,1.0999999999999996,1.1,0.05777952590138151
14.42,1,0,1.0999999999999996,1.1,0.05777952590138151
14.43,1,0,1.0999999999999996,1.1,0.05777952590138151
14.44,1,0,1.0999999999999996,1.1,0.05777952590138151
14.450000000000001,1,0,1.0999999999999996,1.1,0.05777952590138151
14.46,1,0,1.0999999999999996,1.1,0.05777952590138151
14.47,1,0,1.0999999999999996,1.1,0.05777952590138151
14.48,1,0,1.0999999999999996,1.1,0.05777952590138151
14.49,1,0,1.0999999999999996,1.1,0.05777952590138151
14.5,1,0,1.0999999999999996,1.1,0.05777952590138151
14.51,1,0,1.0999999999999996,1.1,0.05777952590138151
14.52,1,0,1.0999999999999996,1.1,0.05777952590138151
14.530000000000001,1,0,1.0999999999999996,1.1,0.05777952590138151
14.540000000000001,1,0,1.0999999999999996,1.1,0.05777952590138151
14.55,1,0,1.0999999999999996,1.1,0.05777952590138151
14.56,1,0,1.0999999999999996,1.1,0.05777952590138151
14.57,1,0,1.0999999999999996,1.1,0.05777952590138151
14.58,1,0,1.0999999999999996,1.1,0.05777952590138151
14.59,1,0,1.0999999999999996,1.1,0.05777952590138151
14.6,1,0,1.0999999999999996,1.1,0.05777952590138151
14.61,1,0,1.0999999999999996,1.1,0.05777952590138151
14.620000000000001,1,0,1.0999999999999996,1.1,0.05777952590138151
14.63,1,0,1.0999999999999996,1.1,0.05777952590138151
14.64,1,0,1.0999999999999996,1.1,0.05777952590138151
14.65,1,0,1.0999999999999996,1.1,0.05777952590138151
14.66,1,0,1.0999999999999996,1.1,0.05777952590138151
14.67,1,0,1.0999999999999996,1.1,0.05777952590138151
14.68,1,0,1.0999999999999996,1.1,0.05777952590138151
14.69,1,0,1.0999999999999996,1.1,0.05777952590138151
14.700000000000001,1,0,1.0999999999999996,1.1,0.05777952590138151
14.71,1,0,1.0999999999999996,1.1,0.05777952590138151
14.72,1,0,1.0999999999999996,1.1,0.05777952590138151
14.73,1,0,1.0999999999999996,1.1,0.05777952590138151
14.74,1,0,1.0999999999999996,1.1,0.05777952590138151
14.75,1,0,1.0999999999999996,1.1,0.05777952590138151
14.76,1,1,1.0999999999999996,1.1,0.05777952590138151
14.77,1,0,1.0999999999999996,1.1,0.05777952590138151
14.780000000000001,1,0,1.0999999999999996,1.1,0.05777952590138151
14.790000000000001,1,0,1.0999999999999996,1.1,0.05777952590138151
14.8,1,0,1.0999999999999996,1.1,0.05777952590138151
14.81,1,0,1.0999999999999996,1.1,0.05777952590138151
14.82,1,0,1.0999999999999996,1.1,0.05777952590138151
14.83,1,0,1.0999999999999996,1.1,0.05777952590138151
14.84,1,0,1.0999999999999996,1.1,0.05777952590138151
14.85,1,0,1.0999999999999996,1.1,0.05777952590138151
14.86,1,0,1.0999999999999996,1.1,0.05777952590138151
14.870000000000001,1,0,1.0999999999999996,1.1,0.05777952590138151
14.88,1,0,1.0999999999999996,1.1,0.05777952590138151
14.89,1,0,1.0999999999999996,1.1,0.05777952590138151
14.9,1,0,1.0999999999999996,1.1,0.05777952590138151
14.91,1,0,1.0999999999999996,1.1,0.05777952590138151
14.92,1,0,1.0999999999999996,1.1,0.05777952590138151
14.93,1,0,1.0999999999999996,1.1,0.05777952590138151
14.94,1,0,1.0999999999999996,1.1,0.05777952590138151
14.950000000000001,1,0,1.0999999999999996,1.1,0.05777952590138151
14.96,1,0,1.0999999999999996,1.1,0.05777952590138151
14.97,1,0,1.0999999999999996,1.1,0.05777952590138151
14.98,1,0,1.0999999999999996,1.1,0.05777952590138151
14.99,1,0,1.0999999999999996,1.1,0.05777952590138151
15.0,1,0,1.0999999999999996,1.1,0.05940628197137804
15.01,1,0,1.0999999999999996,1.1,0.05940628197137804
15.02,1,0,1.0999999999999996,1.1,0.05940628197137804
15.030000000000001,1,0,1.0999999999999996,1.1,0.05940628197137804
15.040000000000001,1,0,1.0999999999999996,1.1,0.05940628197137804
15.05,1,0,1.0999999999999996,1.1,0.05940628197137804
15.06,1,0,1.0999999999999996,1.1,0.05940628197137804
15.07,1,0,1.0999999999999996,1.1,0.05940628197137804
15.08,1,0,1.0999999999999996,1.1,0.05940628197137804
15.09,1,0,1.0999999999999996,1.1,0.05940628197137804
15.1,1,0,1.0999999999999996,1.1,0.05940628197137804
15.11,1,0,1.0999999999999996,1.1,0.05940628197137804
15.120000000000001,1,0,1.0999999999999996,1.1,0.05940628197137804
15.13,1,0,1.0999999999999996,1.1,0.05940628197137804
15.14,1,0,1.0999999999999996,1.1,0.05940628197137804
15.15,1,0,1.0999999999999996,1.1,0.05940628197137804
15.16,1,0,1.0999999999999996,1.1,0.05940628197137804
15.17,1,0,1.0999999999999996,1.1,0.05940628197137804
15.18,1,0,1.0999999999999996,1.1,0.05940628197137804
15.19,1,0,1.0999999999999996,1.1,0.05940628197137804
15.200000000000001,1,0,1.0999999999999996,1.1,0.05940628197137804
15.21,1,0,1.0999999999999996,1.1,0.05940628197137804
15.22,1,0,1.0999999999999996,1.1,0.05940628197137804
15.23,1,0,1.0999999999999996,1.1,0.05940628197137804
15.24,1,0,1.0999999999999996,1.1,0.05940628197137804
15.25,1,0,1.0999999999999996,1.1,0.05940628197137804
15.26,1,0,1.0999999999999996,1.1,0.05940628197137804
15.27,1,0,1.0999999999999996,1.1,0.05940628197137804
15.280000000000001,1,0,1.0999999999999996,1.1,0.05940628197137804
15.290000000000001,1,0,1.0999999999999996,1.1,0.05940628197137804
15.3,1,0,1.0999999999999996,1.1,0.05940628197137804
15.31,1,1,1.0999999999999996,1.1,0.05940628197137804
15.32,1,0,1.0999999999999996,1.1,0.05940628197137804
15.33,1,0,1.0999999999999996,1.1,0.05940628197137804
15.34,1,0,1.0999999999999996,1.1,0.05940628197137804
15.35,1,0,1.0999999999999996,1.1,0.05940628197137804
15.36,1,0,1.0999999999999996,1.1,0.05940628197137804
15.370000000000001,1,0,1.0999999999999996,1.1,0.05940628197137804
15.38,1,0,1.0999999999999996,1.1,0.05940628197137804
15.39,1,0,1.0999999999999996,1.1,0.05940628197137804
15.4,1,0,1.0999999999999996,1.1,0.05940628197137804
15.41,1,0,1.0999999999999996,1.1,0.05940628197137804
15.42,1,0,1.0999999999999996,1.1,0.05940628197137804
15.43,1,0,1.0999999999999996,1.1,0.05940628197137804
15.44,1,0,1.0999999999999996,1.1,0.05940628197137804
15.450000000000001,1,0,1.0999999999999996,1.1,0.05940628197137804
15.46,1,0,1.0999999999999996,1.1,0.05940628197137804
15.47,1,0,1.0999999999999996,1.1,0.05940628197137804
15.48,1,0,1.0999999999999996,1.1,0.05940628197137804
15.49,1,0,1.0999999999999996,1.1,0.05940628197137804
15.5,1,0,1.0999999999999996,1.1,0.05940628197137804
15.51,1,0,1.0999999999999996,1.1,0.05940628197137804
15.52,1,0,1.0999999999999996,1.1,0.05940628197137804
15.530000000000001,1,0,1.0999999999999996,1.1,0.05940628197137804
15.540000000000001,1,0,1.0999999999999996,1.1,0.05940628197137804
15.55,1,0,1.0999999999999996,1.1,0.05940628197137804
15.56,1,0,1.0999999999999996,1.1,0.05940628197137804
15.57,1,0,1.0999999999999996,1.1,0.05940628197137804
15.58,1,0,1.0999999999999996,1.1,0.05940628197137804
15.59,1,0,1.0999999999999996,1.1,0.05940628197137804
15.6,1,0,1.0999999999999996,1.1,0.05940628197137804
15.610000000000001,1,0,1.0999999999999996,1.1,0.05940628197137804
15.620000000000001,1,0,1.0999999999999996,1.1,0.05940628197137804
15.63,1,0,1.0999999999999996,1.1,0.05940628197137804
15.64,1,0,1.0999999999999996,1.1,0.05940628197137804
15.65,1,0,1.0999999999999996,1.1,0.05940628197137804
15.66,1,0,1.0999999999999996,1.1,0.05940628197137804
15.67,1,0,1.0999999999999996,1.1,0.05940628197137804
15.68,1,0,1.0999999999999996,1.1,0.05940628197137804
15.69,1,0,1.0999999999999996,1.1,0.05940628197137804
15.700000000000001,1,0,1.0999999999999996,1.1,0.05940628197137804
15.71,1,0,1.0999999999999996,1.1,0.05940628197137804
15.72,1,0,1.0999999999999996,1.1,0.05940628197137804
15.73,1,0,1.0999999999999996,1.1,0.05940628197137804
15.74,1,0,1.0999999999999996,1.1,0.05940628197137804
15.75,1,0,1.0999999999999996,1.1,0.05940628197137804
15.76,1,0,1.0999999999999996,1.1,0.05940628197137804
15.77,1,0,1.0999999999999996,1.1,0.05940628197137804
15.780000000000001,1,0,1.0999999999999996,1.1,0.05940628197137804
15.790000000000001,1,0,1.0999999999999996,1.1,0.05940628197137804
15.8,1,0,1.0999999999999996,1.1,0.05940628197137804
15.81,1,0,1.0999999999999996,1.1,0.05940628197137804
15.82,1,0,1.0999999999999996,1.1,0.05940628197137804
15.83,1,0,1.0999999999999996,1.1,0.05940628197137804
15.84,1,0,1.0999999999999996,1.1,0.05940628197137804
15.85,1,0,1.0999999999999996,1.1,0.05940628197137804
15.860000000000001,1,1,1.0999999999999996,1.1,0.05940628197137804
15.870000000000001,1,0,1.0999999999999996,1.1,0.05940628197137804
15.88,1,0,1.0999999999999996,1.1,0.05940628197137804
15.89,1,0,1.0999999999999996,1.1,0.05940628197137804
15.9,1,0,1.0999999999999996,1.1,0.05940628197137804
15.91,1,0,1.0999999999999996,1.1,0.05940628197137804
15.92,1,0,1.0999999999999996,1.1,0.05940628197137804
15.93,1,0,1.0999999999999996,1.1,0.05940628197137804
15.94,1,0,1.0999999999999996,1.1,0.05940628197137804
15.950000000000001,1,0,1.0999999999999996,1.1,0.05940628197137804
15.96,1,0,1.0999999999999996,1.1,0.05940628197137804
15.97,1,0,1.0999999999999996,1.1,0.05940628197137804
15.98,1,0,1.0999999999999996,1.1,0.05940628197137804
15.99,1,0,1.0999999999999996,1.1,0.05940628197137804
16.0,1,0,1.0999999999999996,1.1,0.06087638334105385
16.01,1,0,1.0999999999999996,1.1,0.06087638334105385
16.02,1,0,1.0999999999999996,1.1,0.06087638334105385
16.03,1,0,1.0999999999999996,1.1,0.06087638334105385
16.04,1,0,1.0999999999999996,1.1,0.06087638334105385
16.05,1,0,1.0999999999999996,1.1,0.06087638334105385
16.06,1,0,1.0999999999999996,1.1,0.06087638334105385
16.07,1,0,1.0999999999999996,1.1,0.06087638334105385
16.080000000000002,1,0,1.0999999999999996,1.1,0.06087638334105385
16.09,1,0,1.0999999999999996,1.1,0.06087638334105385
16.1,1,0,1.0999999999999996,1.1,0.06087638334105385
16.11,1,0,1.0999999999999996,1.1,0.06087638334105385
16.12,1,0,1.0999999999999996,1.1,0.06087638334105385
16.13,1,0,1.0999999999999996,1.1,0.06087638334105385
16.14,1,0,1.0999999999999996,1.1,0.06087638334105385
16.15,1,0,1.0999999999999996,1.1,0.06087638334105385
16.16,1,0,1.0999999999999996,1.1,0.06087638334105385
16.17,1,0,1.0999999999999996,1.1,0.06087638334105385
16.18,1,0,1.0999999999999996,1.1,0.06087638334105385
16.19,1,0,1.0999999999999996,1.1,0.06087638334105385
16.2,1,0,1.0999999999999996,1.1,0.06087638334105385
16.21,1,0,1.0999999999999996,1.1,0.06087638334105385
16.22,1,0,1.0999999999999996,1.1,0.06087638334105385
16.23,1,0,1.0999999999999996,1.1,0.06087638334105385
16.240000000000002,1,0,1.0999999999999996,1.1,0.06087638334105385
16.25,1,0,1.0999999999999996,1.1,0.06087638334105385
16.26,1,0,1.0999999999999996,1.1,0.06087638334105385
16.27,1,0,1.0999999999999996,1.1,0.06087638334105385
16.28,1,0,1.0999999999999996,1.1,0.06087638334105385
16.29,1,0,1.0999999999999996,1.1,0.06087638334105385
16.3,1,0,1.0999999999999996,1.1,0.06087638334105385
16.31,1,0,1.0999999999999996,1.1,0.06087638334105385
16.32,1,0,1.0999999999999996,1.1,0.06087638334105385
16.330000000000002,1,0,1.0999999999999996,1.1,0.06087638334105385
16.34,1,0,1.0999999999999996,1.1,0.06087638334105385
16.35,1,0,1.0999999999999996,1.1,0.06087638334105385
16.36,1,0,1.0999999999999996,1.1,0.06087638334105385
16.37,1,0,1.0999999999999996,1.1,0.06087638334105385
16.38,1,0,1.0999999999999996,1.1,0.06087638334105385
16.39,1,0,1.0999999999999996,1.1,0.06087638334105385
16.4,1,0,1.0999999999999996,1.1,0.06087638334105385
16.41,1,1,1.0999999999999996,1.1,0.06087638334105385
16.42,1,0,1.0999999999999996,1.1,0.06087638334105385
16.43,1,0,1.0999999999999996,1.1,0.06087638334105385
16.44,1,0,1.0999999999999996,1.1,0.06087638334105385
16.45,1,0,1.0999999999999996,1.1,0.06087638334105385
16.46,1,0,1.0999999999999996,1.1,0.06087638334105385
16.47,1,0,1.0999999999999996,1.1,0.06087638334105385
16.48,1,0,1.0999999999999996,1.1,0.06087638334105385
16.490000000000002,1,0,1.0999999999999996,1.1,0.06087638334105385
16.5,1,0,1.0999999999999996,1.1,0.06087638334105385
16.51,1,0,1.0999999999999996,1.1,0.06087638334105385
16.52,1,0,1.0999999999999996,1.1,0.06087638334105385
16.53,1,0,1.0999999999999996,1.1,0.06087638334105385
16.54,1,0,1.0999999999999996,1.1,0.06087638334105385
16.55,1,0,1.0999999999999996,1.1,0.06087638334105385
16.56,1,0,1.0999999999999996,1.1,0.06087638334105385
16.57,1,0,1.0999999999999996,1.1,0.06087638334105385
16.580000000000002,1,0,1.0999999999999996,1.1,0.06087638334105385
16.59,1,0,1.0999999999999996,1.1,0.06087638334105385
16.6,1,0,1.0999999999999996,1.1,0.06087638334105385
16.61,1,0,1.0999999999999996,1.1,0.06087638334105385
16.62,1,0,1.0999999999999996,1.1,0.06087638334105385
16.63,1,0,1.0999999999999996,1.1,0.06087638334105385
16.64,1,0,1.0999999999999996,1.1,0.06087638334105385
16.65,1,0,1.0999999999999996,1.1,0.06087638334105385
16.66,1,0,1.0999999999999996,1.1,0.06087638334105385
16.67,1,0,1.0999999999999996,1.1,0.06087638334105385
16.68,1,0,1.0999999999999996,1.1,0.06087638334105385
16.69,1,0,1.0999999999999996,1.1,0.06087638334105385
16.7,1,0,1.0999999999999996,1.1,0.06087638334105385
16.71,1,0,1.0999999999999996,1.1,0.06087638334105385
16.72,1,0,1.0999999999999996,1.1,0.06087638334105385
16.73,1,0,1.0999999999999996,1.1,0.06087638334105385
16.740000000000002,1,0,1.0999999999999996,1.1,0.06087638334105385
16.75,1,0,1.0999999999999996,1.1,0.06087638334105385
16.76,1,0,1.0999999999999996,1.1,0.06087638334105385
16.77,1,0,1.0999999999999996,1.1,0.06087638334105385
16.78,1,0,1.0999999999999996,1.1,0.06087638334105385
16.79,1,0,1.0999999999999996,1.1,0.06087638334105385
16.8,1,0,1.0999999999999996,1.1,0.06087638334105385
16.81,1,0,1.0999999999999996,1.1,0.06087638334105385
16.82,1,0,1.0999999999999996,1.1,0.06087638334105385
16.830000000000002,1,0,1.0999999999999996,1.1,0.06087638334105385
16.84,1,0,1.0999999999999996,1.1,0.06087638334105385
16.85,1,0,1.0999999999999996,1.1,0.06087638334105385
16.86,1,0,1.0999999999999996,1.1,0.06087638334105385
16.87,1,0,1.0999999999999996,1.1,0.06087638334105385
16.88,1,0,1.0999999999999996,1.1,0.06087638334105385
16.89,1,0,1.0999999999999996,1.1,0.06087638334105385
16.9,1,0,1.0999999999999996,1.1,0.06087638334105385
16.91,1,0,1.0999999999999996,1.1,0.06087638334105385
16.92,1,0,1.0999999999999996,1.1,0.06087638334105385
16.93,1,0,1.0999999999999996,1.1,0.06087638334105385
16.94,1,0,1.0999999999999996,1.1,0.06087638334105385
16.95,1,0,1.0999999999999996,1.1,0.06087638334105385
16.96,1,1,1.0999999999999996,1.1,0.06087638334105385
16.97,1,0,1.0999999999999996,1.1,0.06087638334105385
16.98,1,0,1.0999999999999996,1.1,0.06087638334105385
16.990000000000002,1,0,1.0999999999999996,1.1,0.06087638334105385
17.0,1,0,1.0999999999999996,1.1,0.06234960437350872
17.01,1,0,1.0999999999999996,1.1,0.06234960437350872
17.02,1,0,1.0999999999999996,1.1,0.06234960437350872
17.03,1,0,1.0999999999999996,1.1,0.06234960437350872
17.04,1,0,1.0999999999999996,1.1,0.06234960437350872
17.05,1,0,1.0999999999999996,1.1,0.06234960437350872
17.06,1,0,1.0999999999999996,1.1,0.06234960437350872
17.07,1,0,1.0999999999999996,1.1,0.06234960437350872
17.080000000000002,1,0,1.0999999999999996,1.1,0.06234960437350872
17.09,1,0,1.0999999999999996,1.1,0.06234960437350872
17.1,1,0,1.0999999999999996,1.1,0.06234960437350872
17.11,1,0,1.0999999999999996,1.1,0.06234960437350872
17.12,1,0,1.0999999999999996,1.1,0.06234960437350872
17.13,1,0,1.0999999999999996,1.1,0.06234960437350872
17.14,1,0,1.0999999999999996,1.1,0.06234960437350872
17.150000000000002,1,0,1.0999999999999996,1.1,0.06234960437350872
17.16,1,0,1.0999999999999996,1.1,0.06234960437350872
17.17,1,0,1.0999999999999996,1.1,0.06234960437350872
17.18,1,0,1.0999999999999996,1.1,0.06234960437350872
17.19,1,0,1.0999999999999996,1.1,0.06234960437350872
17.2,1,0,1.0999999999999996,1.1,0.06234960437350872
17.21,1,0,1.0999999999999996,1.1,0.06234960437350872
17.22,1,0,1.0999999999999996,1.1,0.06234960437350872
17.23,1,0,1.0999999999999996,1.1,0.06234960437350872
17.240000000000002,1,0,1.0999999999999996,1.1,0.06234960437350872
17.25,1,0,1.0999999999999996,1.1,0.06234960437350872
17.26,1,0,1.0999999999999996,1.1,0.06234960437350872
17.27,1,0,1.0999999999999996,1.1,0.06234960437350872
17.28,1,0,1.0999999999999996,1.1,0.06234960437350872
17.29,1,0,1.0999999999999996,1.1,0.06234960437350872
17.3,1,0,1.0999999999999996,1.1,0.06234960437350872
17.31,1,0,1.0999999999999996,1.1,0.06234960437350872
17.32,1,0,1.0999999999999996,1.1,0.06234960437350872
17.330000000000002,1,0,1.0999999999999996,1.1,0.06234960437350872
17.34,1,0,1.0999999999999996,1.1,0.06234960437350872
17.35,1,0,1.0999999999999996,1.1,0.06234960437350872
17.36,1,0,1.0999999999999996,1.1,0.06234960437350872
17.37,1,0,1.0999999999999996,1.1,0.06234960437350872
17.38,1,0,1.0999999999999996,1.1,0.06234960437350872
17.39,1,0,1.0999999999999996,1.1,0.06234960437350872
17.400000000000002,1,0,1.0999999999999996,1.1,0.06234960437350872
17.41,1,0,1.0999999999999996,1.1,0.06234960437350872
17.42,1,0,1.0999999999999996,1.1,0.06234960437350872
17.43,1,0,1.0999999999999996,1.1,0.06234960437350872
17.44,1,0,1.0999999999999996,1.1,0.06234960437350872
17.45,1,0,1.0999999999999996,1.1,0.06234960437350872
17.46,1,0,1.0999999999999996,1.1,0.06234960437350872
17.47,1,0,1.0999999999999996,1.1,0.06234960437350872
17.48,1,0,1.0999999999999996,1.1,0.06234960437350872
17.490000000000002,1,0,1.0999999999999996,1.1,0.06234960437350872
17.5,1,0,1.0999999999999996,1.1,0.06234960437350872
17.51,1,1,1.0999999999999996,1.1,0.06234960437350872
17.52,1,0,1.0999999999999996,1.1,0.06234960437350872
17.53,1,0,1.0999999999999996,1.1,0.06234960437350872
17.54,1,0,1.0999999999999996,1.1,0.06234960437350872
17.55,1,0,1.0999999999999996,1.1,0.06234960437350872
17.56,1,0,1.0999999999999996,1.1,0.06234960437350872
17.57,1,0,1.0999999999999996,1.1,0.06234960437350872
17.580000000000002,1,0,1.0999999999999996,1.1,0.06234960437350872
17.59,1,0,1.0999999999999996,1.1,0.06234960437350872
17.6,1,0,1.0999999999999996,1.1,0.06234960437350872
17.61,1,0,1.0999999999999996,1.1,0.06234960437350872
17.62,1,0,1.0999999999999996,1.1,0.06234960437350872
17.63,1,0,1.0999999999999996,1.1,0.06234960437350872
17.64,1,0,1.0999999999999996,1.1,0.06234960437350872
17.650000000000002,1,0,1.0999999999999996,1.1,0.06234960437350872
17.66,1,0,1.0999999999999996,1.1,0.06234960437350872
17.67,1,0,1.0999999999999996,1.1,0.06234960437350872
17.68,1,0,1.0999999999999996,1.1,0.06234960437350872
17.69,1,0,1.0999999999999996,1.1,0.06234960437350872
17.7,1,0,1.0999999999999996,1.1,0.06234960437350872
17.71,1,0,1.0999999999999996,1.1,0.06234960437350872
17.72,1,0,1.0999999999999996,1.1,0.06234960437350872
17.73,1,0,1.0999999999999996,1.1,0.06234960437350872
17.740000000000002,1,0,1.0999999999999996,1.1,0.06234960437350872
17.75,1,0,1.0999999999999996,1.1,0.06234960437350872
17.76,1,0,1.0999999999999996,1.1,0.06234960437350872
17.77,1,0,1.0999999999999996,1.1,0.06234960437350872
17.78,1,0,1.0999999999999996,1.1,0.06234960437350872
17.79,1,0,1.0999999999999996,1.1,0.06234960437350872
17.8,1,0,1.0999999999999996,1.1,0.06234960437350872
17.81,1,0,1.0999999999999996,1.1,0.06234960437350872
17.82,1,0,1.0999999999999996,1.1,0.06234960437350872
17.830000000000002,1,0,1.0999999999999996,1.1,0.06234960437350872
17.84,1,0,1.0999999999999996,1.1,0.06234960437350872
17.85,1,0,1.0999999999999996,1.1,0.06234960437350872
17.86,1,0,1.0999999999999996,1.1,0.06234960437350872
17.87,1,0,1.0999999999999996,1.1,0.06234960437350872
17.88,1,0,1.0999999999999996,1.1,0.06234960437350872
17.89,1,0,1.0999999999999996,1.1,0.06234960437350872
17.900000000000002,1,0,1.0999999999999996,1.1,0.06234960437350872
17.91,1,0,1.0999999999999996,1.1,0.06234960437350872
17.92,1,0,1.0999999999999996,1.1,0.06234960437350872
17.93,1,0,1.0999999999999996,1.1,0.06234960437350872
17.94,1,0,1.0999999999999996,1.1,0.06234960437350872
17.95,1,0,1.0999999999999996,1.1,0.06234960437350872
17.96,1,0,1.0999999999999996,1.1,0.06234960437350872
17.97,1,0,1.0999999999999996,1.1,0.06234960437350872
17.98,1,0,1.0999999999999996,1.1,0.06234960437350872
17.990000000000002,1,0,1.0999999999999996,1.1,0.06234960437350872
18.0,1,0,1.0999999999999996,1.1,0.06367556297471641
18.01,1,0,1.0999999999999996,1.1,0.06367556297471641
18.02,1,0,1.0999999999999996,1.1,0.06367556297471641
18.03,1,0,1.0999999999999996,1.1,0.06367556297471641
18.04,1,0,1.0999999999999996,1.1,0.06367556297471641
18.05,1,0,1.0999999999999996,1.1,0.06367556297471641
18.06,1,1,1.0999999999999996,1.1,0.06367556297471641
18.07,1,0,1.0999999999999996,1.1,0.06367556297471641
18.080000000000002,1,0,1.0999999999999996,1.1,0.06367556297471641
18.09,1,0,1.0999999999999996,1.1,0.06367556297471641
18.1,1,0,1.0999999999999996,1.1,0.06367556297471641
18.11,1,0,1.0999999999999996,1.1,0.06367556297471641
18.12,1,0,1.0999999999999996,1.1,0.06367556297471641
18.13,1,0,1.0999999999999996,1.1,0.06367556297471641
18.14,1,0,1.0999999999999996,1.1,0.06367556297471641
18.150000000000002,1,0,1.0999999999999996,1.1,0.06367556297471641
18.16,1,0,1.0999999999999996,1.1,0.06367556297471641
18.17,1,0,1.0999999999999996,1.1,0.06367556297471641
18.18,1,0,1.0999999999999996,1.1,0.06367556297471641
18.19,1,0,1.0999999999999996,1.1,0.06367556297471641
18.2,1,0,1.0999999999999996,1.1,0.06367556297471641
18.21,1,0,1.0999999999999996,1.1,0.06367556297471641
18.22,1,0,1.0999999999999996,1.1,0.06367556297471641
18.23,1,0,1.0999999999999996,1.1,0.06367556297471641
18.240000000000002,1,0,1.0999999999999996,1.1,0.06367556297471641
18.25,1,0,1.0999999999999996,1.1,0.06367556297471641
18.26,1,0,1.0999999999999996,1.1,0.06367556297471641
18.27,1,0,1.0999999999999996,1.1,0.06367556297471641
18.28,1,0,1.0999999999999996,1.1,0.06367556297471641
18.29,1,0,1.0999999999999996,1.1,0.06367556297471641
18.3,1,0,1.0999999999999996,1.1,0.06367556297471641
18.31,1,0,1.0999999999999996,1.1,0.06367556297471641
18.32,1,0,1.0999999999999996,1.1,0.06367556297471641
18.330000000000002,1,0,1.0999999999999996,1.1,0.06367556297471641
18.34,1,0,1.0999999999999996,1.1,0.06367556297471641
18.35,1,0,1.0999999999999996,1.1,0.06367556297471641
18.36,1,0,1.0999999999999996,1.1,0.06367556297471641
18.37,1,0,1.0999999999999996,1.1,0.06367556297471641
18.38,1,0,1.0999999999999996,1.1,0.06367556297471641
18.39,1,0,1.0999999999999996,1.1,0.06367556297471641
18.400000000000002,1,0,1.0999999999999996,1.1,0.06367556297471641
18.41,1,0,1.0999999999999996,1.1,0.06367556297471641
18.42,1,0,1.0999999999999996,1.1,0.06367556297471641
18.43,1,0,1.0999999999999996,1.1,0.06367556297471641
18.44,1,0,1.0999999999999996,1.1,0.06367556297471641
18.45,1,0,1.0999999999999996,1.1,0.06367556297471641
18.46,1,0,1.0999999999999996,1.1,0.06367556297471641
18.47,1,0,1.0999999999999996,1.1,0.06367556297471641
18.48,1,0,1.0999999999999996,1.1,0.06367556297471641
18.490000000000002,1,0,1.0999999999999996,1.1,0.06367556297471641
18.5,1,0,1.0999999999999996,1.1,0.06367556297471641
18.51,1,0,1.0999999999999996,1.1,0.06367556297471641
18.52,1,0,1.0999999999999996,1.1,0.06367556297471641
18.53,1,0,1.0999999999999996,1.1,0.06367556297471641
18.54,1,0,1.0999999999999996,1.1,0.06367556297471641
18.55,1,0,1.0999999999999996,1.1,0.06367556297471641
18.56,1,0,1.0999999999999996,1.1,0.06367556297471641
18.57,1,0,1.0999999999999996,1.1,0.06367556297471641
18.580000000000002,1,0,1.0999999999999996,1.1,0.06367556297471641
18.59,1,0,1.0999999999999996,1.1,0.06367556297471641
18.6,1,0,1.0999999999999996,1.1,0.06367556297471641
18.61,1,1,1.0999999999999996,1.1,0.06367556297471641
18.62,1,0,1.0999999999999996,1.1,0.06367556297471641
18.63,1,0,1.0999999999999996,1.1,0.06367556297471641
18.64,1,0,1.0999999999999996,1.1,0.06367556297471641
18.650000000000002,1,0,1.0999999999999996,1.1,0.06367556297471641
18.66,1,0,1.0999999999999996,1.1,0.06367556297471641
18.67,1,0,1.0999999999999996,1.1,0.06367556297471641
18.68,1,0,1.0999999999999996,1.1,0.06367556297471641
18.69,1,0,1.0999999999999996,1.1,0.06367556297471641
18.7,1,0,1.0999999999999996,1.1,0.06367556297471641
18.71,1,0,1.0999999999999996,1.1,0.06367556297471641
18.72,1,0,1.0999999999999996,1.1,0.06367556297471641
18.73,1,0,1.0999999999999996,1.1,0.06367556297471641
18.740000000000002,1,0,1.0999999999999996,1.1,0.06367556297471641
18.75,1,0,1.0999999999999996,1.1,0.06367556297471641
18.76,1,0,1.0999999999999996,1.1,0.06367556297471641
18.77,1,0,1.0999999999999996,1.1,0.06367556297471641
18.78,1,0,1.0999999999999996,1.1,0.06367556297471641
18.79,1,0,1.0999999999999996,1.1,0.06367556297471641
18.8,1,0,1.0999999999999996,1.1,0.06367556297471641
18.81,1,0,1.0999999999999996,1.1,0.06367556297471641
18.82,1,0,1.0999999999999996,1.1,0.06367556297471641
18.830000000000002,1,0,1.0999999999999996,1.1,0.06367556297471641
18.84,1,0,1.0999999999999996,1.1,0.06367556297471641
18.85,1,0,1.0999999999999996,1.1,0.06367556297471641
18.86,1,0,1.0999999999999996,1.1,0.06367556297471641
18.87,1,0,1.0999999999999996,1.1,0.06367556297471641
18.88,1,0,1.0999999999999996,1.1,0.06367556297471641
18.89,1,0,1.0999999999999996,1.1,0.06367556297471641
18.900000000000002,1,0,1.0999999999999996,1.1,0.06367556297471641
18.91,1,0,1.0999999999999996,1.1,0.06367556297471641
18.92,1,0,1.0999999999999996,1.1,0.06367556297471641
18.93,1,0,1.0999999999999996,1.1,0.06367556297471641
18.94,1,0,1.0999999999999996,1.1,0.06367556297471641
18.95,1,0,1.0999999999999996,1.1,0.06367556297471641
18.96,1,0,1.0999999999999996,1.1,0.06367556297471641
18.97,1,0,1.0999999999999996,1.1,0.06367556297471641
18.98,1,0,1.0999999999999996,1.1,0.06367556297471641
18.990000000000002,1,0,1.0999999999999996,1.1,0.06367556297471641
19.0,1,0,1.0999999999999996,1.1,0.06502307338317623
19.01,1,0,1.0999999999999996,1.1,0.06502307338317623
19.02,1,0,1.0999999999999996,1.1,0.06502307338317623
19.03,1,0,1.0999999999999996,1.1,0.06502307338317623
19.04,1,0,1.0999999999999996,1.1,0.06502307338317623
19.05,1,0,1.0999999999999996,1.1,0.06502307338317623
19.06,1,0,1.0999999999999996,1.1,0.06502307338317623
19.07,1,0,1.0999999999999996,1.1,0.06502307338317623
19.080000000000002,1,0,1.0999999999999996,1.1,0.06502307338317623
19.09,1,0,1.0999999999999996,1.1,0.06502307338317623
19.1,1,0,1.0999999999999996,1.1,0.06502307338317623
19.11,1,0,1.0999999999999996,1.1,0.06502307338317623
19.12,1,0,1.0999999999999996,1.1,0.06502307338317623
19.13,1,0,1.0999999999999996,1.1,0.06502307338317623
19.14,1,0,1.0999999999999996,1.1,0.06502307338317623
19.150000000000002,1,0,1.0999999999999996,1.1,0.06502307338317623
19.16,1,1,1.0999999999999996,1.1,0.06502307338317623
19.17,1,0,1.0999999999999996,1.1,0.06502307338317623
19.18,1,0,1.0999999999999996,1.1,0.06502307338317623
19.19,1,0,1.0999999999999996,1.1,0.06502307338317623
19.2,1,0,1.0999999999999996,1.1,0.06502307338317623
19.21,1,0,1.0999999999999996,1.1,0.06502307338317623
19.22,1,0,1.0999999999999996,1.1,0.06502307338317623
19.23,1,0,1.0999999999999996,1.1,0.06502307338317623
19.240000000000002,1,0,1.0999999999999996,1.1,0.06502307338317623
19.25,1,0,1.0999999999999996,1.1,0.06502307338317623
19.26,1,0,1.0999999999999996,1.1,0.06502307338317623
19.27,1,0,1.0999999999999996,1.1,0.06502307338317623
19.28,1,0,1.0999999999999996,1.1,0.06502307338317623
19.29,1,0,1.0999999999999996,1.1,0.06502307338317623
19.3,1,0,1.0999999999999996,1.1,0.06502307338317623
19.31,1,0,1.0999999999999996,1.1,0.06502307338317623
19.32,1,0,1.0999999999999996,1.1,0.06502307338317623
19.330000000000002,1,0,1.0999999999999996,1.1,0.06502307338317623
19.34,1,0,1.0999999999999996,1.1,0.06502307338317623
19.35,1,0,1.0999999999999996,1.1,0.06502307338317623
19.36,1,0,1.0999999999999996,1.1,0.06502307338317623
19.37,1,0,1.0999999999999996,1.1,0.06502307338317623
19.38,1,0,1.0999999999999996,1.1,0.06502307338317623
19.39,1,0,1.0999999999999996,1.1,0.06502307338317623
19.400000000000002,1,0,1.0999999999999996,1.1,0.06502307338317623
19.41,1,0,1.0999999999999996,1.1,0.06502307338317623
19.42,1,0,1.0999999999999996,1.1,0.06502307338317623
19.43,1,0,1.0999999999999996,1.1,0.06502307338317623
19.44,1,0,1.0999999999999996,1.1,0.06502307338317623
19.45,1,0,1.0999999999999996,1.1,0.06502307338317623
19.46,1,0,1.0999999999999996,1.1,0.06502307338317623
19.47,1,0,1.0999999999999996,1.1,0.06502307338317623
19.48,1,0,1.0999999999999996,1.1,0.06502307338317623
19.490000000000002,1,0,1.0999999999999996,1.1,0.06502307338317623
19.5,1,0,1.0999999999999996,1.1,0.06502307338317623
19.51,1,0,1.0999999999999996,1.1,0.06502307338317623
19.52,1,0,1.0999999999999996,1.1,0.06502307338317623
19.53,1,0,1.0999999999999996,1.1,0.06502307338317623
19.54,1,0,1.0999999999999996,1.1,0.06502307338317623
19.55,1,0,1.0999999999999996,1.1,0.06502307338317623
19.56,1,0,1.0999999999999996,1.1,0.06502307338317623
19.57,1,0,1.0999999999999996,1.1,0.06502307338317623
19.580000000000002,1,0,1.0999999999999996,1.1,0.06502307338317623
19.59,1,0,1.0999999999999996,1.1,0.06502307338317623
19.6,1,0,1.0999999999999996,1.1,0.06502307338317623
19.61,1,0,1.0999999999999996,1.1,0.06502307338317623
19.62,1,0,1.0999999999999996,1.1,0.06502307338317623
19.63,1,0,1.0999999999999996,1.1,0.06502307338317623
19.64,1,0,1.0999999999999996,1.1,0.06502307338317623
19.650000000000002,1,0,1.0999999999999996,1.1,0.06502307338317623
19.66,1,0,1.0999999999999996,1.1,0.06502307338317623
19.67,1,0,1.0999999999999996,1.1,0.06502307338317623
19.68,1,0,1.0999999999999996,1.1,0.06502307338317623
19.69,1,0,1.0999999999999996,1.1,0.06502307338317623
19.7,1,0,1.0999999999999996,1.1,0.06502307338317623
19.71,1,1,1.0999999999999996,1.1,0.06502307338317623
19.72,1,0,1.0999999999999996,1.1,0.06502307338317623
19.73,1,0,1.0999999999999996,1.1,0.06502307338317623
19.740000000000002,1,0,1.0999999999999996,1.1,0.06502307338317623
19.75,1,0,1.0999999999999996,1.1,0.06502307338317623
19.76,1,0,1.0999999999999996,1.1,0.06502307338317623
19.77,1,0,1.0999999999999996,1.1,0.06502307338317623
19.78,1,0,1.0999999999999996,1.1,0.06502307338317623
19.79,1,0,1.0999999999999996,1.1,0.06502307338317623
19.8,1,0,1.0999999999999996,1.1,0.06502307338317623
19.81,1,0,1.0999999999999996,1.1,0.06502307338317623
19.82,1,0,1.0999999999999996,1.1,0.06502307338317623
19.830000000000002,1,0,1.0999999999999996,1.1,0.06502307338317623
19.84,1,0,1.0999999999999996,1.1,0.06502307338317623
19.85,1,0,1.0999999999999996,1.1,0.06502307338317623
19.86,1,0,1.0999999999999996,1.1,0.06502307338317623
19.87,1,0,1.0999999999999996,1.1,0.06502307338317623
19.88,1,0,1.0999999999999996,1.1,0.06502307338317623
19.89,1,0,1.0999999999999996,1.1,0.06502307338317623
19.900000000000002,1,0,1.0999999999999996,1.1,0.06502307338317623
19.91,1,0,1.0999999999999996,1.1,0.06502307338317623
19.92,1,0,1.0999999999999996,1.1,0.06502307338317623
19.93,1,0,1.0999999999999996,1.1,0.06502307338317623
19.94,1,0,1.0999999999999996,1.1,0.06502307338317623
19.95,1,0,1.0999999999999996,1.1,0.06502307338317623
19.96,1,0,1.0999999999999996,1.1,0.06502307338317623
19.97,1,0,1.0999999999999996,1.1,0.06502307338317623
19.98,1,0,1.0999999999999996,1.1,0.06502307338317623
19.990000000000002,1,0,1.0999999999999996,1.1,0.06502307338317623
20.0,1,0,1.0999999999999996,1.1,0.06625371785797736
20.01,1,0,1.0999999999999996,1.1,0.06625371785797736
20.02,1,0,1.0999999999999996,1.1,0.06625371785797736
20.03,1,0,1.0999999999999996,1.1,0.06625371785797736
20.04,1,0,1.0999999999999996,1.1,0.06625371785797736
20.05,1,0,1.0999999999999996,1.1,0.06625371785797736
20.06,1,0,1.0999999999999996,1.1,0.06625371785797736
20.07,1,0,1.0999999999999996,1.1,0.06625371785797736
20.080000000000002,1,0,1.0999999999999996,1.1,0.06625371785797736
20.09,1,0,1.0999999999999996,1.1,0.06625371785797736
20.1,1,0,1.0999999999999996,1.1,0.06625371785797736
20.11,1,0,1.0999999999999996,1.1,0.06625371785797736
20.12,1,0,1.0999999999999996,1.1,0.06625371785797736
20.13,1,0,1.0999999999999996,1.1,0.06625371785797736
20.14,1,0,1.0999999999999996,1.1,0.06625371785797736
20.150000000000002,1,0,1.0999999999999996,1.1,0.06625371785797736
20.16,1,0,1.0999999999999996,1.1,0.06625371785797736
20.17,1,0,1.0999999999999996,1.1,0.06625371785797736
20.18,1,0,1.0999999999999996,1.1,0.06625371785797736
20.19,1,0,1.0999999999999996,1.1,0.06625371785797736
20.2,1,0,1.0999999999999996,1.1,0.06625371785797736
20.21,1,0,1.0999999999999996,1.1,0.06625371785797736
20.22,1,0,1.0999999999999996,1.1,0.06625371785797736
20.23,1,0,1.0999999999999996,1.1,0.06625371785797736
20.240000000000002,1,0,1.0999999999999996,1.1,0.06625371785797736
20.25,1,0,1.0999999999999996,1.1,0.06625371785797736
20.26,1,1,1.0999999999999996,1.1,0.06625371785797736
20.27,1,0,1.0999999999999996,1.1,0.06625371785797736
20.28,1,0,1.0999999999999996,1.1,0.06625371785797736
20.29,1,0,1.0999999999999996,1.1,0.06625371785797736
20.3,1,0,1.0999999999999996,1.1,0.06625371785797736
20.31,1,0,1.0999999999999996,1.1,0.06625371785797736
20.32,1,0,1.0999999999999996,1.1,0.06625371785797736
20.330000000000002,1,0,1.0999999999999996,1.1,0.06625371785797736
20.34,1,0,1.0999999999999996,1.1,0.06625371785797736
20.35,1,0,1.0999999999999996,1.1,0.06625371785797736
20.36,1,0,1.0999999999999996,1.1,0.06625371785797736
20.37,1,0,1.0999999999999996,1.1,0.06625371785797736
20.38,1,0,1.0999999999999996,1.1,0.06625371785797736
20.39,1,0,1.0999999999999996,1.1,0.06625371785797736
20.400000000000002,1,0,1.0999999999999996,1.1,0.06625371785797736
20.41,1,0,1.0999999999999996,1.1,0.06625371785797736
20.42,1,0,1.0999999999999996,1.1,0.06625371785797736
20.43,1,0,1.0999999999999996,1.1,0.06625371785797736
20.44,1,0,1.0999999999999996,1.1,0.06625371785797736
20.45,1,0,1.0999999999999996,1.1,0.06625371785797736
20.46,1,0,1.0999999999999996,1.1,0.06625371785797736
20.47,1,0,1.0999999999999996,1.1,0.06625371785797736
20.48,1,0,1.0999999999999996,1.1,0.06625371785797736
20.490000000000002,1,0,1.0999999999999996,1.1,0.06625371785797736
20.5,1,0,1.0999999999999996,1.1,0.06625371785797736
20.51,1,0,1.0999999999999996,1.1,0.06625371785797736
20.52,1,0,1.0999999999999996,1.1,0.06625371785797736
20.53,1,0,1.0999999999999996,1.1,0.06625371785797736
20.54,1,0,1.0999999999999996,1.1,0.06625371785797736
20.55,1,0,1.0999999999999996,1.1,0.06625371785797736
20.56,1,0,1.0999999999999996,1.1,0.06625371785797736
20.57,1,0,1.0999999999999996,1.1,0.06625371785797736
20.580000000000002,1,0,1.0999999999999996,1.1,0.06625371785797736
20.59,1,0,1.0999999999999996,1.1,0.06625371785797736
20.6,1,0,1.0999999999999996,1.1,0.06625371785797736
20.61,1,0,1.0999999999999996,1.1,0.06625371785797736
20.62,1,0,1.0999999999999996,1.1,0.06625371785797736
20.63,1,0,1.0999999999999996,1.1,0.06625371785797736
20.64,1,0,1.0999999999999996,1.1,0.06625371785797736
20.650000000000002,1,0,1.0999999999999996,1.1,0.06625371785797736
20.66,1,0,1.0999999999999996,1.1,0.06625371785797736
20.67,1,0,1.0999999999999996,1.1,0.06625371785797736
20.68,1,0,1.0999999999999996,1.1,0.06625371785797736
20.69,1,0,1.0999999999999996,1.1,0.06625371785797736
20.7,1,0,1.0999999999999996,1.1,0.06625371785797736
20.71,1,0,1.0999999999999996,1.1,0.06625371785797736
20.72,1,0,1.0999999999999996,1.1,0.06625371785797736
20.73,1,0,1.0999999999999996,1.1,0.06625371785797736
20.740000000000002,1,0,1.0999999999999996,1.1,0.06625371785797736
20.75,1,0,1.0999999999999996,1.1,0.06625371785797736
20.76,1,0,1.0999999999999996,1.1,0.06625371785797736
20.77,1,0,1.0999999999999996,1.1,0.06625371785797736
20.78,1,0,1.0999999999999996,1.1,0.06625371785797736
20.79,1,0,1.0999999999999996,1.1,0.06625371785797736
20.8,1,0,1.0999999999999996,1.1,0.06625371785797736
20.81,1,1,1.1000000000000014,1.1,0.06625371785797736
20.82,1,0,1.1000000000000014,1.1,0.06625371785797736
20.830000000000002,1,0,1.1000000000000014,1.1,0.06625371785797736
20.84,1,0,1.1000000000000014,1.1,0.06625371785797736
20.85,1,0,1.1000000000000014,1.1,0.06625371785797736
20.86,1,0,1.1000000000000014,1.1,0.06625371785797736
20.87,1,0,1.1000000000000014,1.1,0.06625371785797736
20.88,1,0,1.1000000000000014,1.1,0.06625371785797736
20.89,1,0,1.1000000000000014,1.1,0.06625371785797736
20.900000000000002,1,0,1.1000000000000014,1.1,0.06625371785797736
20.91,1,0,1.1000000000000014,1.1,0.06625371785797736
20.92,1,0,1.1000000000000014,1.1,0.06625371785797736
20.93,1,0,1.1000000000000014,1.1,0.06625371785797736
20.94,1,0,1.1000000000000014,1.1,0.06625371785797736
20.95,1,0,1.1000000000000014,1.1,0.06625371785797736
20.96,1,0,1.1000000000000014,1.1,0.06625371785797736
20.97,1,0,1.1000000000000014,1.1,0.06625371785797736
20.98,1,0,1.1000000000000014,1.1,0.06625371785797736
20.990000000000002,1,0,1.1000000000000014,1.1,0.06625371785797736
21.0,1,0,1.1000000000000014,1.1,0.06737024625392482
21.01,1,0,1.1000000000000014,1.1,0.06737024625392482
21.02,1,0,1.1000000000000014,1.1,0.06737024625392482
21.03,1,0,1.1000000000000014,1.1,0.06737024625392482
21.04,1,0,1.1000000000000014,1.1,0.06737024625392482
21.05,1,0,1.1000000000000014,1.1,0.06737024625392482
21.06,1,0,1.1000000000000014,1.1,0.06737024625392482
21.07,1,0,1.1000000000000014,1.1,0.06737024625392482
21.080000000000002,1,0,1.1000000000000014,1.1,0.06737024625392482
21.09,1,0,1.1000000000000014,1.1,0.06737024625392482
21.1,1,0,1.1000000000000014,1.1,0.06737024625392482
21.11,1,0,1.1000000000000014,1.1,0.06737024625392482
21.12,1,0,1.1000000000000014,1.1,0.06737024625392482
21.13,1,0,1.1000000000000014,1.1,0.06737024625392482
21.14,1,0,1.1000000000000014,1.1,0.06737024625392482
21.150000000000002,1,0,1.1000000000000014,1.1,0.06737024625392482
21.16,1,0,1.1000000000000014,1.1,0.06737024625392482
21.17,1,0,1.1000000000000014,1.1,0.06737024625392482
21.18,1,0,1.1000000000000014,1.1,0.06737024625392482
21.19,1,0,1.1000000000000014,1.1,0.06737024625392482
21.2,1,0,1.1000000000000014,1.1,0.06737024625392482
21.21,1,0,1.1000000000000014,1.1,0.06737024625392482
21.22,1,0,1.1000000000000014,1.1,0.06737024625392482
21.23,1,0,1.1000000000000014,1.1,0.06737024625392482
21.240000000000002,1,0,1.1000000000000014,1.1,0.06737024625392482
21.25,1,0,1.1000000000000014,1.1,0.06737024625392482
21.26,1,0,1.1000000000000014,1.1,0.06737024625392482
21.27,1,0,1.1000000000000014,1.1,0.06737024625392482
21.28,1,0,1.1000000000000014,1.1,0.06737024625392482
21.29,1,0,1.1000000000000014,1.1,0.06737024625392482
21.3,1,0,1.1000000000000014,1.1,0.06737024625392482
21.31,1,0,1.1000000000000014,1.1,0.06737024625392482
21.32,1,0,1.1000000000000014,1.1,0.06737024625392482
21.330000000000002,1,0,1.1000000000000014,1.1,0.06737024625392482
21.34,1,0,1.1000000000000014,1.1,0.06737024625392482
21.35,1,0,1.1000000000000014,1.1,0.06737024625392482
21.36,1,1,1.1000000000000014,1.1,0.06737024625392482
21.37,1,0,1.1000000000000014,1.1,0.06737024625392482
21.38,1,0,1.1000000000000014,1.1,0.06737024625392482
21.39,1,0,1.1000000000000014,1.1,0.06737024625392482
21.400000000000002,1,0,1.1000000000000014,1.1,0.06737024625392482
21.41,1,0,1.1000000000000014,1.1,0.06737024625392482
21.42,1,0,1.1000000000000014,1.1,0.06737024625392482
21.43,1,0,1.1000000000000014,1.1,0.06737024625392482
21.44,1,0,1.1000000000000014,1.1,0.06737024625392482
21.45,1,0,1.1000000000000014,1.1,0.06737024625392482
21.46,1,0,1.1000000000000014,1.1,0.06737024625392482
21.47,1,0,1.1000000000000014,1.1,0.06737024625392482
21.48,1,0,1.1000000000000014,1.1,0.06737024625392482
21.490000000000002,1,0,1.1000000000000014,1.1,0.06737024625392482
21.5,1,0,1.1000000000000014,1.1,0.06737024625392482
21.51,1,0,1.1000000000000014,1.1,0.06737024625392482
21.52,1,0,1.1000000000000014,1.1,0.06737024625392482
21.53,1,0,1.1000000000000014,1.1,0.06737024625392482
21.54,1,0,1.1000000000000014,1.1,0.06737024625392482
21.55,1,0,1.1000000000000014,1.1,0.06737024625392482
21.56,1,0,1.1000000000000014,1.1,0.06737024625392482
21.57,1,0,1.1000000000000014,1.1,0.06737024625392482
21.580000000000002,1,0,1.1000000000000014,1.1,0.06737024625392482
21.59,1,0,1.1000000000000014,1.1,0.06737024625392482
21.6,1,0,1.1000000000000014,1.1,0.06737024625392482
21.61,1,0,1.1000000000000014,1.1,0.06737024625392482
21.62,1,0,1.1000000000000014,1.1,0.06737024625392482
21.63,1,0,1.1000000000000014,1.1,0.06737024625392482
21.64,1,0,1.1000000000000014,1.1,0.06737024625392482
21.650000000000002,1,0,1.1000000000000014,1.1,0.06737024625392482
21.66,1,0,1.1000000000000014,1.1,0.06737024625392482
21.67,1,0,1.1000000000000014,1.1,0.06737024625392482
21.68,1,0,1.1000000000000014,1.1,0.06737024625392482
21.69,1,0,1.1000000000000014,1.1,0.06737024625392482
21.7,1,0,1.1000000000000014,1.1,0.06737024625392482
21.71,1,0,1.1000000000000014,1.1,0.06737024625392482
21.72,1,0,1.1000000000000014,1.1,0.06737024625392482
21.73,1,0,1.1000000000000014,1.1,0.06737024625392482
21.740000000000002,1,0,1.1000000000000014,1.1,0.06737024625392482
21.75,1,0,1.1000000000000014,1.1,0.06737024625392482
21.76,1,0,1.1000000000000014,1.1,0.06737024625392482
21.77,1,0,1.1000000000000014,1.1,0.06737024625392482
21.78,1,0,1.1000000000000014,1.1,0.06737024625392482
21.79,1,0,1.1000000000000014,1.1,0.06737024625392482
21.8,1,0,1.1000000000000014,1.1,0.06737024625392482
21.81,1,0,1.1000000000000014,1.1,0.06737024625392482
21.82,1,0,1.1000000000000014,1.1,0.06737024625392482
21.830000000000002,1,0,1.1000000000000014,1.1,0.06737024625392482
21.84,1,0,1.1000000000000014,1.1,0.06737024625392482
21.85,1,0,1.1000000000000014,1.1,0.06737024625392482
21.86,1,0,1.1000000000000014,1.1,0.06737024625392482
21.87,1,0,1.1000000000000014,1.1,0.06737024625392482
21.88,1,0,1.1000000000000014,1.1,0.06737024625392482
21.89,1,0,1.1000000000000014,1.1,0.06737024625392482
21.900000000000002,1,0,1.1000000000000014,1.1,0.06737024625392482
21.91,1,1,1.1000000000000014,1.1,0.06737024625392482
21.92,1,0,1.1000000000000014,1.1,0.06737024625392482
21.93,1,0,1.1000000000000014,1.1,0.06737024625392482
21.94,1,0,1.1000000000000014,1.1,0.06737024625392482
21.95,1,0,1.1000000000000014,1.1,0.06737024625392482
21.96,1,0,1.1000000000000014,1.1,0.06737024625392482
21.97,1,0,1.1000000000000014,1.1,0.06737024625392482
21.98,1,0,1.1000000000000014,1.1,0.06737024625392482
21.990000000000002,1,0,1.1000000000000014,1.1,0.06737024625392482
22.0,1,0,1.1000000000000014,1.1,0.06850339693849071
22.01,1,0,1.1000000000000014,1.1,0.06850339693849071
22.02,1,0,1.1000000000000014,1.1,0.06850339693849071
22.03,1,0,1.1000000000000014,1.1,0.06850339693849071
22.04,1,0,1.1000000000000014,1.1,0.06850339693849071
22.05,1,0,1.1000000000000014,1.1,0.06850339693849071
22.06,1,0,1.1000000000000014,1.1,0.06850339693849071
22.07,1,0,1.1000000000000014,1.1,0.06850339693849071
22.080000000000002,1,0,1.1000000000000014,1.1,0.06850339693849071
22.09,1,0,1.1000000000000014,1.1,0.06850339693849071
22.1,1,0,1.1000000000000014,1.1,0.06850339693849071
22.11,1,0,1.1000000000000014,1.1,0.06850339693849071
22.12,1,0,1.1000000000000014,1.1,0.06850339693849071
22.13,1,0,1.1000000000000014,1.1,0.06850339693849071
22.14,1,0,1.1000000000000014,1.1,0.06850339693849071
22.150000000000002,1,0,1.1000000000000014,1.1,0.06850339693849071
22.16,1,0,1.1000000000000014,1.1,0.06850339693849071
22.17,1,0,1.1000000000000014,1.1,0.06850339693849071
22.18,1,0,1.1000000000000014,1.1,0.06850339693849071
22.19,1,0,1.1000000000000014,1.1,0.06850339693849071
22.2,1,0,1.1000000000000014,1.1,0.06850339693849071
22.21,1,0,1.1000000000000014,1.1,0.06850339693849071
22.22,1,0,1.1000000000000014,1.1,0.06850339693849071
22.23,1,0,1.1000000000000014,1.1,0.06850339693849071
22.240000000000002,1,0,1.1000000000000014,1.1,0.06850339693849071
22.25,1,0,1.1000000000000014,1.1,0.06850339693849071
22.26,1,0,1.1000000000000014,1.1,0.06850339693849071
22.27,1,0,1.1000000000000014,1.1,0.06850339693849071
22.28,1,0,1.1000000000000014,1.1,0.06850339693849071
22.29,1,0,1.1000000000000014,1.1,0.06850339693849071
22.3,1,0,1.1000000000000014,1.1,0.06850339693849071
22.31,1,0,1.1000000000000014,1.1,0.06850339693849071
22.32,1,0,1.1000000000000014,1.1,0.06850339693849071
22.330000000000002,1,0,1.1000000000000014,1.1,0.06850339693849071
22.34,1,0,1.1000000000000014,1.1,0.06850339693849071
22.35,1,0,1.1000000000000014,1.1,0.06850339693849071
22.36,1,0,1.1000000000000014,1.1,0.06850339693849071
22.37,1,0,1.1000000000000014,1.1,0.06850339693849071
22.38,1,0,1.1000000000000014,1.1,0.06850339693849071
22.39,1,0,1.1000000000000014,1.1,0.06850339693849071
22.400000000000002,1,0,1.1000000000000014,1.1,0.06850339693849071
22.41,1,0,1.1000000000000014,1.1,0.06850339693849071
22.42,1,0,1.1000000000000014,1.1,0.06850339693849071
22.43,1,0,1.1000000000000014,1.1,0.06850339693849071
22.44,1,0,1.1000000000000014,1.1,0.06850339693849071
22.45,1,0,1.1000000000000014,1.1,0.06850339693849071
22.46,1,1,1.1000000000000014,1.1,0.06850339693849071
22.47,1,0,1.1000000000000014,1.1,0.06850339693849071
22.48,1,0,1.1000000000000014,1.1,0.06850339693849071
22.490000000000002,1,0,1.1000000000000014,1.1,0.06850339693849071
22.5,1,0,1.1000000000000014,1.1,0.06850339693849071
22.51,1,0,1.1000000000000014,1.1,0.06850339693849071
22.52,1,0,1.1000000000000014,1.1,0.06850339693849071
22.53,1,0,1.1000000000000014,1.1,0.06850339693849071
22.54,1,0,1.1000000000000014,1.1,0.06850339693849071
22.55,1,0,1.1000000000000014,1.1,0.06850339693849071
22.56,1,0,1.1000000000000014,1.1,0.06850339693849071
22.57,1,0,1.1000000000000014,1.1,0.06850339693849071
22.580000000000002,1,0,1.1000000000000014,1.1,0.06850339693849071
22.59,1,0,1.1000000000000014,1.1,0.06850339693849071
22.6,1,0,1.1000000000000014,1.1,0.06850339693849071
22.61,1,0,1.1000000000000014,1.1,0.06850339693849071
22.62,1,0,1.1000000000000014,1.1,0.06850339693849071
22.63,1,0,1.1000000000000014,1.1,0.06850339693849071
22.64,1,0,1.1000000000000014,1.1,0.06850339693849071
22.650000000000002,1,0,1.1000000000000014,1.1,0.06850339693849071
22.66,1,0,1.1000000000000014,1.1,0.06850339693849071
22.67,1,0,1.1000000000000014,1.1,0.06850339693849071
22.68,1,0,1.1000000000000014,1.1,0.06850339693849071
22.69,1,0,1.1000000000000014,1.1,0.06850339693849071
22.7,1,0,1.1000000000000014,1.1,0.06850339693849071
22.71,1,0,1.1000000000000014,1.1,0.06850339693849071
22.72,1,0,1.1000000000000014,1.1,0.06850339693849071
22.73,1,0,1.1000000000000014,1.1,0.06850339693849071
22.740000000000002,1,0,1.1000000000000014,1.1,0.06850339693849071
22.75,1,0,1.1000000000000014,1.1,0.06850339693849071
22.76,1,0,1.1000000000000014,1.1,0.06850339693849071
22.77,1,0,1.1000000000000014,1.1,0.06850339693849071
22.78,1,0,1.1000000000000014,1.1,0.06850339693849071
22.79,1,0,1.1000000000000014,1.1,0.06850339693849071
22.8,1,0,1.1000000000000014,1.1,0.06850339693849071
22.81,1,0,1.1000000000000014,1.1,0.06850339693849071
22.82,1,0,1.1000000000000014,1.1,0.06850339693849071
22.830000000000002,1,0,1.1000000000000014,1.1,0.06850339693849071
22.84,1,0,1.1000000000000014,1.1,0.06850339693849071
22.85,1,0,1.1000000000000014,1.1,0.06850339693849071
22.86,1,0,1.1000000000000014,1.1,0.06850339693849071
22.87,1,0,1.1000000000000014,1.1,0.06850339693849071
22.88,1,0,1.1000000000000014,1.1,0.06850339693849071
22.89,1,0,1.1000000000000014,1.1,0.06850339693849071
22.900000000000002,1,0,1.1000000000000014,1.1,0.06850339693849071
22.91,1,0,1.1000000000000014,1.1,0.06850339693849071
22.92,1,0,1.1000000000000014,1.1,0.06850339693849071
22.93,1,0,1.1000000000000014,1.1,0.06850339693849071
22.94,1,0,1.1000000000000014,1.1,0.06850339693849071
22.95,1,0,1.1000000000000014,1.1,0.06850339693849071
22.96,1,0,1.1000000000000014,1.1,0.06850339693849071
22.97,1,0,1.1000000000000014,1.1,0.06850339693849071
22.98,1,0,1.1000000000000014,1.1,0.06850339693849071
22.990000000000002,1,0,1.1000000000000014,1.1,0.06850339693849071
